# Created by Octave 4.0.0, Wed Jul 06 20:39:33 2016 Pacific Daylight Time <unknown@DESKTOP-PHVJ9EM>
# name: A
# type: matrix
# rows: 4
# columns: 4
 16 2 3 13
 5 11 10 8
 9 7 6 12
 4 14 15 1


# name: B
# type: matrix
# rows: 1
# columns: 1000
 -0.1559178189214894 -5.9090772537416 7.477804068865655 5.692801853502154 -12.58331189079091 13.7737406766494 -26.01282148730801 -21.88226185746305 6.003804592254477 -3.329599687147224 -15.35924832122914 1.121607718430439 -6.727945559217215 -6.315107528215583 7.993289518085763 19.53568402866332 -13.82847973042369 0.2441782347841848 -7.612935914268266 2.462426154804748 -25.94655556092259 -1.624937918937642 19.9762677656602 -5.258922143505684 -2.92533014775376 -6.724733083377739 -0.4094680871918834 15.94120756363327 -19.38509544684463 -4.303319109871641 -25.36554951545736 -8.546659275395321 0.6883554920231685 -2.981561146927544 3.83317841804511 1.513508210683743 12.54114939476098 8.008812468764393 10.38093572870351 -7.25597881376788 9.304080845244487 -20.22337226484024 -3.392116210809807 0.01975129426198263 -9.987535666843304 -6.121063026024718 -1.383439519204259 -15.26545987926123 2.677494149831807 -14.71415866494364 3.815307383050563 -8.560050876217286 -5.235949570579313 4.898178546727691 -1.170775389343413 -17.84833603448215 11.09575900586247 -9.857702317282435 -15.94079367560726 -25.84117058212969 -0.5216432422392603 -3.204566593366858 -30.91899479668935 -10.52904408970079 -3.138756573162664 7.096160866370617 8.253462546819467 7.209836154833553 -21.77680755696359 -12.98279287966735 -7.660007713485787 -0.6545082539615561 8.966380554601052 -13.52574191290036 -3.422341227676503 -0.533785439796393 1.156993940994671 3.925932972964526 5.170291482530592 -12.70557842146625 11.28261974527611 -11.72039358579129 -11.73856593292457 -6.147999771922029 -6.733058964837143 -4.49855712891542 -2.807264004883326 3.421171182204972 6.45304918430393 3.976112310289622 -25.915768526924 15.37403129325494 1.660002595158997 -17.26422738826711 10.3415658600621 -8.991548042224142 -4.418249877473471 -7.099982139300885 -10.65353303653047 10.19829010491093 -5.267382384991316 0.8879818977888521 -10.40155361962048 -21.06476590064841 9.317747729290993 5.649215573998568 12.40200032306441 0.1607702456037217 -8.36385952855702 0.348818962605689 5.827366827461059 -9.195712303325557 2.937056796917807 -5.88064141281472 1.658144136695938 -16.27777763287997 2.370456505168367 -10.08956232294637 -0.1708328202465581 -5.64771285261731 -2.568734440061553 -20.70868085395707 13.18169091628834 4.174317803364822 -0.5787975777755809 -6.635226759451516 -5.967272129598852 -15.93088494727016 -11.34160409004801 -4.103198810016398 -13.33368651486112 2.694516205442777 5.00676062067736 4.592531561291706 11.94334471715701 -9.412872254810853 -3.017255549839529 13.86790245914928 3.512792685930182 -12.7960782621288 -3.412403381863106 -20.62770094301294 5.146725500858439 -11.40091781248471 -1.025794466018217 -8.751701244923577 5.559988665295254 -3.685146466395931 -6.389249039979296 6.634845797236476 -8.639649920398991 -7.647312920075585 23.21143385607194 -3.582649010701962 4.847595790811383 3.001051697388272 -1.142663822024058 -15.123718880848 -14.18931016019024 -0.5000870582057471 0.9884236738830388 -11.01124583867171 -2.547877459127351 -3.390340091376782 7.594611901018464 1.389058538565714 7.263756692774287 -3.987559386781956 -12.89014636097282 6.489579627193685 -7.876814770524659 0.7216055938614878 5.976209134573383 8.05789498821242 -6.255973754118902 2.255183645345889 -11.39354211623427 7.723015075602959 -4.059438918681946 -10.87309150324634 -20.00841934973715 -1.412926972739553 14.50383982243567 -4.985619652725003 0.533539057976693 1.619651744158105 -13.80681266230355 -2.711109769897935 8.131641982262837 -13.31399837222446 -28.38827999041317 0.6358742231637935 -5.459839040506528 -9.26274756675112 -25.29143280313533 -17.41998099259056 -9.859471388892556 -7.948190167753423 -17.06754447546414 -7.491486399954879 -2.496088118768856 2.216813921784778 -1.271259192788387 3.396529427192322 -11.38123880814197 -1.530549884180224 -8.11614044724754 2.786459877338162 1.68232787058615 9.31284032625209 6.761818631432376 5.935857564122276 4.927890427615728 9.088298498710222 -18.13188164805478 4.428581043559005 3.663569589381446 33.13190808901808 -3.794143953113377 -1.514744837119313 -5.230873389517269 -12.70269455185353 -3.421768934771261 5.91452914852027 9.2349332449659 12.04956169720261 -7.440519364706406 2.336326272112528 0.7499833236027706 11.59659923036891 -6.547485039457952 -6.673207669756234 -9.052289448813221 -4.745583868297512 -3.118935705180428 -12.84483755884867 -2.080043195071818 10.3411084674593 -8.735010634696479 18.12692815037533 9.952420816498355 0.06999112650816386 -2.922349049803382 5.31476288174979 -8.519162954983106 -17.53313972347176 -12.46809138291792 -4.444673704681994 -11.17700848329851 1.166688902201662 4.334324824146559 -18.98146961409694 10.71125702632562 -7.829935738273093 4.750641271198325 -21.01094358041306 -1.240470498966711 0.8811847113633058 14.04727719597641 4.611357057232286 -5.928247994611715 9.140810721675807 -1.076349891871787 -1.448846499074833 -10.29129147068277 2.128299005155537 21.00347889949445 -9.354383584695519 -4.195227706955678 1.931726357176164 22.67053949481137 7.750428508966756 21.08727782724753 -9.304378941483089 -11.79889563520028 -17.51255139450732 -11.50407346769827 9.153049231117217 -12.32195606144071 -11.82186090200588 2.685368264522547 0.00346158804825869 -15.00446093956232 -32.53809468668793 -1.580903686096521 -3.98764003062421 -9.6260819543817 -7.086254957241443 3.438093273922327 -4.331851560306631 5.190487634300149 9.136413377391989 -21.95134771084005 -3.840979395333986 -27.1243758309157 3.012593961519315 -2.480986092720092 -28.1613195989213 -5.370636287400698 9.891948219815564 18.89368054368217 -4.949196850078915 -22.09768809370687 6.174291797190376 13.25512722625659 -6.409440186359435 1.172867638639782 -0.03078893344857736 -0.9458922033292847 1.029581881156282 -3.918668944974224 6.406386707041994 9.223627932676939 -9.459572192416449 -3.174637789060755 10.05312482323432 -3.654684655668363 -8.322797967161534 5.070985745898632 -4.815368492133152 -9.902744112873549 12.26876034911169 -3.211861092928006 -3.839917899394711 -10.54741363794701 -9.402786227694786 1.162256020705366 -4.034710440137745 -0.1367653964616755 6.32824118415054 1.925183374774172 -17.90168436918701 -2.85681873991897 16.19744876810799 -8.681127083021028 -23.19348126609773 -15.40007475086643 -11.88432128625294 24.39166087673297 -3.729337045724214 -1.506462047961481 -8.802077312458742 -11.74020707172144 -4.122041186164918 -24.32657471407484 -20.33212396199291 -1.941762481898661 2.441829395432469 -16.24407254503724 -2.626485821717541 2.754802761124664 6.690048452013363 9.079018712975335 2.773699012550443 -11.6346136103937 -0.6513224123230583 -5.455504562680517 1.423898721636548 -5.168545804772798 -7.631125844100483 -10.32628971533754 -1.477861145295545 2.440219649565563 -0.1489114066887511 -4.073211722287672 -3.087673516242289 -6.022792731263656 -0.3638979816716219 -7.886141687250066 6.418205928713242 7.212987802240558 -11.38210271866452 3.136403066015652 15.89977213660434 8.074482445379239 -6.440958270470013 6.822776952524844 -1.998153670564257 -4.967128889184689 -4.108829818224003 -10.25346667615475 -13.99112036514315 -18.89778869796144 2.805973122839061 -1.117806922957061 -11.09259578386929 -24.22341419006935 -5.932286814459658 -4.745250922466675 3.946099381086306 -3.585535560591323 -7.160945686786495 -4.72227416864218 -1.338382144460373 -10.5740325054869 -4.134745195456906 -4.291886494669239 -17.72678550238016 -9.066381246745042 -11.52709479876106 1.566454086447148 -21.23946293476092 -12.19948654409626 5.406360531058416 1.061953599473954 -12.25230973026794 -3.770172467793631 -4.162781221329255 -1.640280427260052 15.4053079430015 -7.765081402990722 9.399519904612564 6.930107244282953 -14.14716492483221 -5.627981900195486 -6.987087650824382 -3.778101882864635 -0.06228499250823738 13.73297349696335 -6.926737942408149 -3.454965117883961 -16.77432610237541 -1.439147109831876 -15.15528643878818 -3.432148705454854 -7.637483099778601 -2.870499733604217 -9.619089400226917 -8.33085373827749 -28.74770749263895 7.408999297989725 0.6193749935739703 -6.297252253147492 6.665894217615973 1.193685493398331 -23.9393767323136 -11.09394784981496 -21.30275200076706 -3.348750784900373 5.724787906542744 -2.121445375427061 -6.939480664365037 5.989915353793887 -3.464118471297639 -11.27845237270224 -19.01767414545937 -10.90206596049939 -14.1597201255854 7.402000046358017 2.2231018198674 8.404455925071979 7.077082155139522 -10.76778413416503 4.614397095949723 4.248678032403669 18.87310439496773 3.891735129395854 0.2731359197609877 -7.345421684610742 -4.653874118665454 -5.412344790919793 -11.2553525312307 -3.661215366935225 -1.536763672826344 -0.6017036374222444 3.006606833509702 5.870605538966528 -4.116241795124561 -6.111418809006137 9.600968023220744 -33.43533656352524 7.964247659134559 -23.61065376947859 9.057112474870888 0.9186543790958321 -16.74561908733386 -16.60913476809023 -8.576003678178235 -3.650452687308514 -2.350979522045168 7.632883105499463 -0.2056685156857374 -12.65543214941993 -7.386675622281527 -7.674968645300427 4.55863636520385 -0.9130955302445196 -8.849312251498212 -0.9878269784123392 -12.12328494842517 15.30195064205116 -4.488522154867972 -8.370262881602695 -5.42540858209945 -6.718296909567203 0.7401187564387461 -3.708594817413249 7.51196122721562 1.705555768672244 6.817177538296583 -8.689839240908125 18.27799361473653 2.41554241796543 1.596722038622437 6.231482205692918 -18.15259010203543 6.018844499516588 14.37881689249834 -4.652675317579432 11.31376797146626 16.05032273200543 4.565532167045045 -5.149057728463918 1.909753866392512 -14.81659600507202 -7.425366537818785 -21.43752291276329 3.358353004119114 -12.11716516110113 -1.164775644950049 4.377904887645826 -25.05048594690222 9.903534208091578 -6.891625745196048 -14.06265812243399 -16.13335085495687 -5.321025440177007 0.9006585905070521 -8.540293653556784 -5.982645007829871 6.59382674353362 -19.88766541497435 -2.922038725916691 19.99982546078022 15.39204679943698 -5.140216880579732 -6.06442982459233 0.6618759985106197 -13.69907427578883 -8.216142383115344 -6.71744959465582 -4.152507787408947 -5.30739360586958 -6.809263856522469 -11.75248644437429 0.9310547520314998 -5.845416462766066 -4.59145765937478 -26.20079242749663 -3.956336543591238 4.90513036460283 -24.81379350754359 -10.87239031884253 5.459931604809888 17.4401499711196 -14.00286953995707 8.344563212719486 -11.50657812194722 0.02675640508068255 11.75989386515972 -0.9198454550431041 -14.70991289048197 3.552522692240805 16.74641227808775 3.18167586556332 -1.61300851427143 -10.1915216044397 1.511372633608551 -12.66312668569578 -10.11648057612794 -20.17915108762549 -10.36927042334332 13.06153519974565 11.06187426165733 -6.120351514397876 0.5685023693183409 -6.752931031475777 4.716518288612805 -13.86308051929725 -12.69057808542656 -2.524122829930177 -2.073110481669507 -10.63902502728984 -15.07025114429726 -2.426654120001111 -15.3258388451285 -12.94725906502125 -16.32437338565543 4.184574195822692 -2.179785203556313 -8.292236749088868 3.654876579991759 -0.7938548019327007 3.128331391895545 -8.334046136682153 -13.93842583264115 2.215412368924881 -22.23650074375102 -12.80025745489172 4.741215248302833 -10.42737526854814 -12.84485255030477 -16.10663962873374 -9.344990091741508 5.372377580188262 8.718725627311539 14.04547186772958 -5.990137972726207 -7.906760207917904 10.71031854856778 -4.110243825982629 -19.63258038647219 -0.1542195841809244 -0.2987034292525537 -24.36192164919459 -13.15479247945025 -5.58673542039112 1.142899580508233 -11.68734742503614 -5.280198649038229 -18.21053893992565 -14.11659470528957 -0.9208594655182418 2.91443349233387 -1.933192574350683 -8.991717569030163 -2.125309608828623 -1.711310335453332 -4.728017061871048 -22.11293387909526 1.518244294767139 -4.28714435949095 -8.160005184879189 4.863573516745292 3.373731636197416 10.3162392613249 -14.96600376014262 -4.600733095941091 -4.037868151612003 -4.331486807120442 -25.4774546456419 8.326186778077398 -1.336172448782657 -4.266109261698256 -6.765576373217701 15.25727290060883 -10.96415323085957 5.221368244741608 10.59045174582015 -12.02492405976093 -3.633014135197821 -8.932829736734538 -7.051259854881396 -13.24262658316806 -9.578118013350466 -12.23515929752343 -20.57395828570184 18.59799145275288 -18.66639544977711 5.314926105499682 14.75005233676391 -6.343921061669922 -12.1554655628801 1.109969765783205 -12.07341231000115 -8.166824634483394 -6.916526749077402 4.358463380863149 2.920563386943475 4.324022189395589 -4.659322284679445 -17.27411477940196 -3.346287603030444 9.313184785534951 13.57257670842922 5.955261118335219 -14.16920572582134 7.817715180977299 -1.741718514264005 -12.18128852356734 -10.16865945604655 -8.719979545430974 -17.16453857767634 4.400145919695438 -4.175847218055624 20.0096772191291 -9.630830366961538 9.469023324314797 -10.9542631269805 18.30655914756425 -1.402506556530882 -13.61315668987223 9.774434355914948 -20.27315796565502 -4.202616891954966 -9.486962504479626 -1.118808639623315 12.84427179192404 -8.90109962985737 2.003567434908306 13.2190611401929 -13.86159134518572 -2.226459034724571 16.39439946363005 -8.356518132416443 -16.10239767261742 -8.314997510334667 1.451141810649644 3.423020769866023 -7.847198039511261 1.097348750722139 -4.703232567894068 3.775166507984149 6.565470395368999 -10.70638213399385 -19.60779060084833 -20.22521025886384 -19.13668358336364 -9.269558215415309 -7.880796768254618 -1.639651679031216 -6.936590119987923 -2.240214961932208 -4.784802770235096 -4.538286441438519 -10.43373492807119 16.06878118295577 2.605349648067457 18.42942636945428 -21.38609513341337 -5.459461422863761 2.49720303461288 -6.975168531324092 -4.518535139106242 -22.6918487564605 0.8117332485108162 1.9165418271897 -21.26126808141476 -16.67072900292986 4.743740049351922 -3.212659011719347 -18.86886951131924 -10.93397605134526 -5.207191345217877 -4.443439503146899 -8.984545577193481 -9.166920223540178 -11.64906248480883 -2.48042874929487 1.678572397611175 -6.811980083033331 -16.21886070614216 13.72898414123071 -11.28839148699896 -7.516714067497373 9.745295381898886 -8.710161543709315 6.58749618995494 22.21879495121329 0.1818282802802584 -9.13686562846609 14.51930746549299 8.03951413434066 -15.4594945865194 -20.39313178701611 1.747984533852993 -8.931608281923797 0.9501908809104336 3.983131801695393 -0.7855638222808765 -12.3972240049083 -13.15110309942095 -6.539148721256213 -22.32257813352335 0.3651407207363548 -9.461434181418694 -8.358455616897173 -0.05253713058128229 -4.115790655315342 -16.80267754215041 12.90460446306287 3.889450666888593 -9.856671269354081 -7.408513984377184 -10.72744649865007 -15.44172488379295 -11.14981742684465 -0.6707383225526828 -6.067741193199558 -13.365650031095 -10.12245976937205 -11.0156331376293 -22.84487619161916 -6.065431682268651 -3.4307213630328 1.725823395133125 3.099480201985445 17.51346546593241 -17.06980404836389 7.79239240575502 -1.603977036044858 4.380045978577023 -11.61395587602894 1.157362552940421 -3.567656897542162 7.51476119214685 -14.21027627723177 -4.876105707881232 8.235639441945139 -7.136330063330083 -13.98146877037187 12.32530767405622 -6.081271083014467 -8.310669250494406 -22.11723093029947 -10.27128363596105 0.7393633179733139 0.008758531002683867 1.842616712412074 4.58833653535728 -9.173315410058851 -8.502144452374825 -23.52858829486258 20.4583760813755 0.2233159334241752 -5.703665067437724 -25.20175219279578 -6.234646266706929 8.525395103954256 4.170634412110919 1.069146877414964 -1.326175514656712 -4.013480590077091 1.613306753532044 0.5707954798343362 9.767572847278252 -27.6827813494025 -14.9822366181237 8.830792272822478 6.072207633559334 -27.23888166986615 5.866059441594748 -1.078921088905141 3.970864279485699 8.541004660540485 0.9795415420495055 -29.02715080073015 0.01208695096212509 -2.379346544452458 3.251308051069621 -14.36764258710396 1.345948707444675 -0.06223465024532526 -21.63865596480712 2.205714082343174 5.746340052607671 7.827770220894699 -20.0794822290862 6.662555935691165 -0.1620710396392715 -2.648813929876485 6.003056827935982 -17.8080063924475 -7.66164530594971 -10.87980441742073 -21.0315183574043 -0.4670630690583546 -14.80759519559501 -6.205685761581294 -18.25343321688277 -0.5283347743074049 -0.3392732560352139 0.3356739087478267 -7.606641529138662 -10.39598098743781 -13.34837768716298 -4.929014483066648 0.9824625537582534 -6.973501078757051 -0.4879373008520984 -7.420646573176117 -0.282377382378546 -27.11954096555942 -5.912843951814434 -22.90218813272629 -8.41608434980585 1.921002825195359 -17.48063336516652 -9.433350506816522 3.052860625804746 9.115661607138717 -13.65964362390507 -9.566788223379021 -5.395378563661773 6.859013000205483 3.581180009520075 14.00820752023446 1.861977763717206 -8.29248702729139 -28.23916072607106 -14.32543262960271 -2.742987925821544 4.208971918123254 13.37473368646632 23.04376317862024 -2.836921696327976 17.15895363071879 6.596792424417824 0.7505096891590251 -4.592484645028321 3.697385064070645 0.1675806431651585 -7.103554664079309 2.316314836138161 -6.542981758376249 0.2545487128255886 -20.81194596538133 -10.29279447384203 -11.0341503407491 -27.22093218665065 10.89684352606746 -8.433932547966068 -11.02962185882348 -8.661425114313197 -2.031717527728708 -6.213221904153023 -2.710372723990105 -8.27965298568374 5.268509062838783 -0.9125938602848294 -8.64602879247575 2.903107336634779 5.314402404299837 -3.272059084869996 -20.05024974336617 -6.866481162895282 -19.67659245356883 -4.340443506842908 -5.73499717329859 -3.049979866773351 2.300187548017256 -8.914513556610387 -7.969889825945493 -0.4594388823958937 8.255290156604378 -20.85118830303585 -4.564303756039558 -9.910734580438302 -13.89119982619169 14.56923169568107 -11.42551519648923 -9.628890738580555 -7.025948779800986 7.692304002390554 -23.84994123553154 -8.353746206297343 -10.94144409340447 4.38780421841361 -5.489862741108265 -1.790285983723773 -20.81613255059271 -11.81112422191107 -15.08340679114491 5.301669397298229 -2.788145668465135 1.324565839061387 -18.56334776903633 -1.245241368606099 6.084503418197588 -5.074618032294652 -12.53109908496528 4.750846012188553 -18.14761334834807 -2.400364372524464 1.66636277791509 -2.183486891881921 -5.046163586669038 -4.25658712931321 0.268348833951328 -5.379643757357793 -11.02843220205157 14.16845614814119 -3.000597260955313 -8.343179996938506 -17.0771262005975 -16.77899057143492 3.091623250586101 -9.455279728738164 11.74947930732795 -18.12514276655676 -12.62980124651832 -15.45134765799739 3.358255561475553 0.4035733736879132 -17.03485140415274 -12.97204306720225 -1.499563105086125 5.742081663757116 -6.71891724905598 -6.578163821086941


# name: C
# type: matrix
# rows: 1000
# columns: 1
 -0.1559178189214894
 -5.9090772537416
 7.477804068865655
 5.692801853502154
 -12.58331189079091
 13.7737406766494
 -26.01282148730801
 -21.88226185746305
 6.003804592254477
 -3.329599687147224
 -15.35924832122914
 1.121607718430439
 -6.727945559217215
 -6.315107528215583
 7.993289518085763
 19.53568402866332
 -13.82847973042369
 0.2441782347841848
 -7.612935914268266
 2.462426154804748
 -25.94655556092259
 -1.624937918937642
 19.9762677656602
 -5.258922143505684
 -2.92533014775376
 -6.724733083377739
 -0.4094680871918834
 15.94120756363327
 -19.38509544684463
 -4.303319109871641
 -25.36554951545736
 -8.546659275395321
 0.6883554920231685
 -2.981561146927544
 3.83317841804511
 1.513508210683743
 12.54114939476098
 8.008812468764393
 10.38093572870351
 -7.25597881376788
 9.304080845244487
 -20.22337226484024
 -3.392116210809807
 0.01975129426198263
 -9.987535666843304
 -6.121063026024718
 -1.383439519204259
 -15.26545987926123
 2.677494149831807
 -14.71415866494364
 3.815307383050563
 -8.560050876217286
 -5.235949570579313
 4.898178546727691
 -1.170775389343413
 -17.84833603448215
 11.09575900586247
 -9.857702317282435
 -15.94079367560726
 -25.84117058212969
 -0.5216432422392603
 -3.204566593366858
 -30.91899479668935
 -10.52904408970079
 -3.138756573162664
 7.096160866370617
 8.253462546819467
 7.209836154833553
 -21.77680755696359
 -12.98279287966735
 -7.660007713485787
 -0.6545082539615561
 8.966380554601052
 -13.52574191290036
 -3.422341227676503
 -0.533785439796393
 1.156993940994671
 3.925932972964526
 5.170291482530592
 -12.70557842146625
 11.28261974527611
 -11.72039358579129
 -11.73856593292457
 -6.147999771922029
 -6.733058964837143
 -4.49855712891542
 -2.807264004883326
 3.421171182204972
 6.45304918430393
 3.976112310289622
 -25.915768526924
 15.37403129325494
 1.660002595158997
 -17.26422738826711
 10.3415658600621
 -8.991548042224142
 -4.418249877473471
 -7.099982139300885
 -10.65353303653047
 10.19829010491093
 -5.267382384991316
 0.8879818977888521
 -10.40155361962048
 -21.06476590064841
 9.317747729290993
 5.649215573998568
 12.40200032306441
 0.1607702456037217
 -8.36385952855702
 0.348818962605689
 5.827366827461059
 -9.195712303325557
 2.937056796917807
 -5.88064141281472
 1.658144136695938
 -16.27777763287997
 2.370456505168367
 -10.08956232294637
 -0.1708328202465581
 -5.64771285261731
 -2.568734440061553
 -20.70868085395707
 13.18169091628834
 4.174317803364822
 -0.5787975777755809
 -6.635226759451516
 -5.967272129598852
 -15.93088494727016
 -11.34160409004801
 -4.103198810016398
 -13.33368651486112
 2.694516205442777
 5.00676062067736
 4.592531561291706
 11.94334471715701
 -9.412872254810853
 -3.017255549839529
 13.86790245914928
 3.512792685930182
 -12.7960782621288
 -3.412403381863106
 -20.62770094301294
 5.146725500858439
 -11.40091781248471
 -1.025794466018217
 -8.751701244923577
 5.559988665295254
 -3.685146466395931
 -6.389249039979296
 6.634845797236476
 -8.639649920398991
 -7.647312920075585
 23.21143385607194
 -3.582649010701962
 4.847595790811383
 3.001051697388272
 -1.142663822024058
 -15.123718880848
 -14.18931016019024
 -0.5000870582057471
 0.9884236738830388
 -11.01124583867171
 -2.547877459127351
 -3.390340091376782
 7.594611901018464
 1.389058538565714
 7.263756692774287
 -3.987559386781956
 -12.89014636097282
 6.489579627193685
 -7.876814770524659
 0.7216055938614878
 5.976209134573383
 8.05789498821242
 -6.255973754118902
 2.255183645345889
 -11.39354211623427
 7.723015075602959
 -4.059438918681946
 -10.87309150324634
 -20.00841934973715
 -1.412926972739553
 14.50383982243567
 -4.985619652725003
 0.533539057976693
 1.619651744158105
 -13.80681266230355
 -2.711109769897935
 8.131641982262837
 -13.31399837222446
 -28.38827999041317
 0.6358742231637935
 -5.459839040506528
 -9.26274756675112
 -25.29143280313533
 -17.41998099259056
 -9.859471388892556
 -7.948190167753423
 -17.06754447546414
 -7.491486399954879
 -2.496088118768856
 2.216813921784778
 -1.271259192788387
 3.396529427192322
 -11.38123880814197
 -1.530549884180224
 -8.11614044724754
 2.786459877338162
 1.68232787058615
 9.31284032625209
 6.761818631432376
 5.935857564122276
 4.927890427615728
 9.088298498710222
 -18.13188164805478
 4.428581043559005
 3.663569589381446
 33.13190808901808
 -3.794143953113377
 -1.514744837119313
 -5.230873389517269
 -12.70269455185353
 -3.421768934771261
 5.91452914852027
 9.2349332449659
 12.04956169720261
 -7.440519364706406
 2.336326272112528
 0.7499833236027706
 11.59659923036891
 -6.547485039457952
 -6.673207669756234
 -9.052289448813221
 -4.745583868297512
 -3.118935705180428
 -12.84483755884867
 -2.080043195071818
 10.3411084674593
 -8.735010634696479
 18.12692815037533
 9.952420816498355
 0.06999112650816386
 -2.922349049803382
 5.31476288174979
 -8.519162954983106
 -17.53313972347176
 -12.46809138291792
 -4.444673704681994
 -11.17700848329851
 1.166688902201662
 4.334324824146559
 -18.98146961409694
 10.71125702632562
 -7.829935738273093
 4.750641271198325
 -21.01094358041306
 -1.240470498966711
 0.8811847113633058
 14.04727719597641
 4.611357057232286
 -5.928247994611715
 9.140810721675807
 -1.076349891871787
 -1.448846499074833
 -10.29129147068277
 2.128299005155537
 21.00347889949445
 -9.354383584695519
 -4.195227706955678
 1.931726357176164
 22.67053949481137
 7.750428508966756
 21.08727782724753
 -9.304378941483089
 -11.79889563520028
 -17.51255139450732
 -11.50407346769827
 9.153049231117217
 -12.32195606144071
 -11.82186090200588
 2.685368264522547
 0.00346158804825869
 -15.00446093956232
 -32.53809468668793
 -1.580903686096521
 -3.98764003062421
 -9.6260819543817
 -7.086254957241443
 3.438093273922327
 -4.331851560306631
 5.190487634300149
 9.136413377391989
 -21.95134771084005
 -3.840979395333986
 -27.1243758309157
 3.012593961519315
 -2.480986092720092
 -28.1613195989213
 -5.370636287400698
 9.891948219815564
 18.89368054368217
 -4.949196850078915
 -22.09768809370687
 6.174291797190376
 13.25512722625659
 -6.409440186359435
 1.172867638639782
 -0.03078893344857736
 -0.9458922033292847
 1.029581881156282
 -3.918668944974224
 6.406386707041994
 9.223627932676939
 -9.459572192416449
 -3.174637789060755
 10.05312482323432
 -3.654684655668363
 -8.322797967161534
 5.070985745898632
 -4.815368492133152
 -9.902744112873549
 12.26876034911169
 -3.211861092928006
 -3.839917899394711
 -10.54741363794701
 -9.402786227694786
 1.162256020705366
 -4.034710440137745
 -0.1367653964616755
 6.32824118415054
 1.925183374774172
 -17.90168436918701
 -2.85681873991897
 16.19744876810799
 -8.681127083021028
 -23.19348126609773
 -15.40007475086643
 -11.88432128625294
 24.39166087673297
 -3.729337045724214
 -1.506462047961481
 -8.802077312458742
 -11.74020707172144
 -4.122041186164918
 -24.32657471407484
 -20.33212396199291
 -1.941762481898661
 2.441829395432469
 -16.24407254503724
 -2.626485821717541
 2.754802761124664
 6.690048452013363
 9.079018712975335
 2.773699012550443
 -11.6346136103937
 -0.6513224123230583
 -5.455504562680517
 1.423898721636548
 -5.168545804772798
 -7.631125844100483
 -10.32628971533754
 -1.477861145295545
 2.440219649565563
 -0.1489114066887511
 -4.073211722287672
 -3.087673516242289
 -6.022792731263656
 -0.3638979816716219
 -7.886141687250066
 6.418205928713242
 7.212987802240558
 -11.38210271866452
 3.136403066015652
 15.89977213660434
 8.074482445379239
 -6.440958270470013
 6.822776952524844
 -1.998153670564257
 -4.967128889184689
 -4.108829818224003
 -10.25346667615475
 -13.99112036514315
 -18.89778869796144
 2.805973122839061
 -1.117806922957061
 -11.09259578386929
 -24.22341419006935
 -5.932286814459658
 -4.745250922466675
 3.946099381086306
 -3.585535560591323
 -7.160945686786495
 -4.72227416864218
 -1.338382144460373
 -10.5740325054869
 -4.134745195456906
 -4.291886494669239
 -17.72678550238016
 -9.066381246745042
 -11.52709479876106
 1.566454086447148
 -21.23946293476092
 -12.19948654409626
 5.406360531058416
 1.061953599473954
 -12.25230973026794
 -3.770172467793631
 -4.162781221329255
 -1.640280427260052
 15.4053079430015
 -7.765081402990722
 9.399519904612564
 6.930107244282953
 -14.14716492483221
 -5.627981900195486
 -6.987087650824382
 -3.778101882864635
 -0.06228499250823738
 13.73297349696335
 -6.926737942408149
 -3.454965117883961
 -16.77432610237541
 -1.439147109831876
 -15.15528643878818
 -3.432148705454854
 -7.637483099778601
 -2.870499733604217
 -9.619089400226917
 -8.33085373827749
 -28.74770749263895
 7.408999297989725
 0.6193749935739703
 -6.297252253147492
 6.665894217615973
 1.193685493398331
 -23.9393767323136
 -11.09394784981496
 -21.30275200076706
 -3.348750784900373
 5.724787906542744
 -2.121445375427061
 -6.939480664365037
 5.989915353793887
 -3.464118471297639
 -11.27845237270224
 -19.01767414545937
 -10.90206596049939
 -14.1597201255854
 7.402000046358017
 2.2231018198674
 8.404455925071979
 7.077082155139522
 -10.76778413416503
 4.614397095949723
 4.248678032403669
 18.87310439496773
 3.891735129395854
 0.2731359197609877
 -7.345421684610742
 -4.653874118665454
 -5.412344790919793
 -11.2553525312307
 -3.661215366935225
 -1.536763672826344
 -0.6017036374222444
 3.006606833509702
 5.870605538966528
 -4.116241795124561
 -6.111418809006137
 9.600968023220744
 -33.43533656352524
 7.964247659134559
 -23.61065376947859
 9.057112474870888
 0.9186543790958321
 -16.74561908733386
 -16.60913476809023
 -8.576003678178235
 -3.650452687308514
 -2.350979522045168
 7.632883105499463
 -0.2056685156857374
 -12.65543214941993
 -7.386675622281527
 -7.674968645300427
 4.55863636520385
 -0.9130955302445196
 -8.849312251498212
 -0.9878269784123392
 -12.12328494842517
 15.30195064205116
 -4.488522154867972
 -8.370262881602695
 -5.42540858209945
 -6.718296909567203
 0.7401187564387461
 -3.708594817413249
 7.51196122721562
 1.705555768672244
 6.817177538296583
 -8.689839240908125
 18.27799361473653
 2.41554241796543
 1.596722038622437
 6.231482205692918
 -18.15259010203543
 6.018844499516588
 14.37881689249834
 -4.652675317579432
 11.31376797146626
 16.05032273200543
 4.565532167045045
 -5.149057728463918
 1.909753866392512
 -14.81659600507202
 -7.425366537818785
 -21.43752291276329
 3.358353004119114
 -12.11716516110113
 -1.164775644950049
 4.377904887645826
 -25.05048594690222
 9.903534208091578
 -6.891625745196048
 -14.06265812243399
 -16.13335085495687
 -5.321025440177007
 0.9006585905070521
 -8.540293653556784
 -5.982645007829871
 6.59382674353362
 -19.88766541497435
 -2.922038725916691
 19.99982546078022
 15.39204679943698
 -5.140216880579732
 -6.06442982459233
 0.6618759985106197
 -13.69907427578883
 -8.216142383115344
 -6.71744959465582
 -4.152507787408947
 -5.30739360586958
 -6.809263856522469
 -11.75248644437429
 0.9310547520314998
 -5.845416462766066
 -4.59145765937478
 -26.20079242749663
 -3.956336543591238
 4.90513036460283
 -24.81379350754359
 -10.87239031884253
 5.459931604809888
 17.4401499711196
 -14.00286953995707
 8.344563212719486
 -11.50657812194722
 0.02675640508068255
 11.75989386515972
 -0.9198454550431041
 -14.70991289048197
 3.552522692240805
 16.74641227808775
 3.18167586556332
 -1.61300851427143
 -10.1915216044397
 1.511372633608551
 -12.66312668569578
 -10.11648057612794
 -20.17915108762549
 -10.36927042334332
 13.06153519974565
 11.06187426165733
 -6.120351514397876
 0.5685023693183409
 -6.752931031475777
 4.716518288612805
 -13.86308051929725
 -12.69057808542656
 -2.524122829930177
 -2.073110481669507
 -10.63902502728984
 -15.07025114429726
 -2.426654120001111
 -15.3258388451285
 -12.94725906502125
 -16.32437338565543
 4.184574195822692
 -2.179785203556313
 -8.292236749088868
 3.654876579991759
 -0.7938548019327007
 3.128331391895545
 -8.334046136682153
 -13.93842583264115
 2.215412368924881
 -22.23650074375102
 -12.80025745489172
 4.741215248302833
 -10.42737526854814
 -12.84485255030477
 -16.10663962873374
 -9.344990091741508
 5.372377580188262
 8.718725627311539
 14.04547186772958
 -5.990137972726207
 -7.906760207917904
 10.71031854856778
 -4.110243825982629
 -19.63258038647219
 -0.1542195841809244
 -0.2987034292525537
 -24.36192164919459
 -13.15479247945025
 -5.58673542039112
 1.142899580508233
 -11.68734742503614
 -5.280198649038229
 -18.21053893992565
 -14.11659470528957
 -0.9208594655182418
 2.91443349233387
 -1.933192574350683
 -8.991717569030163
 -2.125309608828623
 -1.711310335453332
 -4.728017061871048
 -22.11293387909526
 1.518244294767139
 -4.28714435949095
 -8.160005184879189
 4.863573516745292
 3.373731636197416
 10.3162392613249
 -14.96600376014262
 -4.600733095941091
 -4.037868151612003
 -4.331486807120442
 -25.4774546456419
 8.326186778077398
 -1.336172448782657
 -4.266109261698256
 -6.765576373217701
 15.25727290060883
 -10.96415323085957
 5.221368244741608
 10.59045174582015
 -12.02492405976093
 -3.633014135197821
 -8.932829736734538
 -7.051259854881396
 -13.24262658316806
 -9.578118013350466
 -12.23515929752343
 -20.57395828570184
 18.59799145275288
 -18.66639544977711
 5.314926105499682
 14.75005233676391
 -6.343921061669922
 -12.1554655628801
 1.109969765783205
 -12.07341231000115
 -8.166824634483394
 -6.916526749077402
 4.358463380863149
 2.920563386943475
 4.324022189395589
 -4.659322284679445
 -17.27411477940196
 -3.346287603030444
 9.313184785534951
 13.57257670842922
 5.955261118335219
 -14.16920572582134
 7.817715180977299
 -1.741718514264005
 -12.18128852356734
 -10.16865945604655
 -8.719979545430974
 -17.16453857767634
 4.400145919695438
 -4.175847218055624
 20.0096772191291
 -9.630830366961538
 9.469023324314797
 -10.9542631269805
 18.30655914756425
 -1.402506556530882
 -13.61315668987223
 9.774434355914948
 -20.27315796565502
 -4.202616891954966
 -9.486962504479626
 -1.118808639623315
 12.84427179192404
 -8.90109962985737
 2.003567434908306
 13.2190611401929
 -13.86159134518572
 -2.226459034724571
 16.39439946363005
 -8.356518132416443
 -16.10239767261742
 -8.314997510334667
 1.451141810649644
 3.423020769866023
 -7.847198039511261
 1.097348750722139
 -4.703232567894068
 3.775166507984149
 6.565470395368999
 -10.70638213399385
 -19.60779060084833
 -20.22521025886384
 -19.13668358336364
 -9.269558215415309
 -7.880796768254618
 -1.639651679031216
 -6.936590119987923
 -2.240214961932208
 -4.784802770235096
 -4.538286441438519
 -10.43373492807119
 16.06878118295577
 2.605349648067457
 18.42942636945428
 -21.38609513341337
 -5.459461422863761
 2.49720303461288
 -6.975168531324092
 -4.518535139106242
 -22.6918487564605
 0.8117332485108162
 1.9165418271897
 -21.26126808141476
 -16.67072900292986
 4.743740049351922
 -3.212659011719347
 -18.86886951131924
 -10.93397605134526
 -5.207191345217877
 -4.443439503146899
 -8.984545577193481
 -9.166920223540178
 -11.64906248480883
 -2.48042874929487
 1.678572397611175
 -6.811980083033331
 -16.21886070614216
 13.72898414123071
 -11.28839148699896
 -7.516714067497373
 9.745295381898886
 -8.710161543709315
 6.58749618995494
 22.21879495121329
 0.1818282802802584
 -9.13686562846609
 14.51930746549299
 8.03951413434066
 -15.4594945865194
 -20.39313178701611
 1.747984533852993
 -8.931608281923797
 0.9501908809104336
 3.983131801695393
 -0.7855638222808765
 -12.3972240049083
 -13.15110309942095
 -6.539148721256213
 -22.32257813352335
 0.3651407207363548
 -9.461434181418694
 -8.358455616897173
 -0.05253713058128229
 -4.115790655315342
 -16.80267754215041
 12.90460446306287
 3.889450666888593
 -9.856671269354081
 -7.408513984377184
 -10.72744649865007
 -15.44172488379295
 -11.14981742684465
 -0.6707383225526828
 -6.067741193199558
 -13.365650031095
 -10.12245976937205
 -11.0156331376293
 -22.84487619161916
 -6.065431682268651
 -3.4307213630328
 1.725823395133125
 3.099480201985445
 17.51346546593241
 -17.06980404836389
 7.79239240575502
 -1.603977036044858
 4.380045978577023
 -11.61395587602894
 1.157362552940421
 -3.567656897542162
 7.51476119214685
 -14.21027627723177
 -4.876105707881232
 8.235639441945139
 -7.136330063330083
 -13.98146877037187
 12.32530767405622
 -6.081271083014467
 -8.310669250494406
 -22.11723093029947
 -10.27128363596105
 0.7393633179733139
 0.008758531002683867
 1.842616712412074
 4.58833653535728
 -9.173315410058851
 -8.502144452374825
 -23.52858829486258
 20.4583760813755
 0.2233159334241752
 -5.703665067437724
 -25.20175219279578
 -6.234646266706929
 8.525395103954256
 4.170634412110919
 1.069146877414964
 -1.326175514656712
 -4.013480590077091
 1.613306753532044
 0.5707954798343362
 9.767572847278252
 -27.6827813494025
 -14.9822366181237
 8.830792272822478
 6.072207633559334
 -27.23888166986615
 5.866059441594748
 -1.078921088905141
 3.970864279485699
 8.541004660540485
 0.9795415420495055
 -29.02715080073015
 0.01208695096212509
 -2.379346544452458
 3.251308051069621
 -14.36764258710396
 1.345948707444675
 -0.06223465024532526
 -21.63865596480712
 2.205714082343174
 5.746340052607671
 7.827770220894699
 -20.0794822290862
 6.662555935691165
 -0.1620710396392715
 -2.648813929876485
 6.003056827935982
 -17.8080063924475
 -7.66164530594971
 -10.87980441742073
 -21.0315183574043
 -0.4670630690583546
 -14.80759519559501
 -6.205685761581294
 -18.25343321688277
 -0.5283347743074049
 -0.3392732560352139
 0.3356739087478267
 -7.606641529138662
 -10.39598098743781
 -13.34837768716298
 -4.929014483066648
 0.9824625537582534
 -6.973501078757051
 -0.4879373008520984
 -7.420646573176117
 -0.282377382378546
 -27.11954096555942
 -5.912843951814434
 -22.90218813272629
 -8.41608434980585
 1.921002825195359
 -17.48063336516652
 -9.433350506816522
 3.052860625804746
 9.115661607138717
 -13.65964362390507
 -9.566788223379021
 -5.395378563661773
 6.859013000205483
 3.581180009520075
 14.00820752023446
 1.861977763717206
 -8.29248702729139
 -28.23916072607106
 -14.32543262960271
 -2.742987925821544
 4.208971918123254
 13.37473368646632
 23.04376317862024
 -2.836921696327976
 17.15895363071879
 6.596792424417824
 0.7505096891590251
 -4.592484645028321
 3.697385064070645
 0.1675806431651585
 -7.103554664079309
 2.316314836138161
 -6.542981758376249
 0.2545487128255886
 -20.81194596538133
 -10.29279447384203
 -11.0341503407491
 -27.22093218665065
 10.89684352606746
 -8.433932547966068
 -11.02962185882348
 -8.661425114313197
 -2.031717527728708
 -6.213221904153023
 -2.710372723990105
 -8.27965298568374
 5.268509062838783
 -0.9125938602848294
 -8.64602879247575
 2.903107336634779
 5.314402404299837
 -3.272059084869996
 -20.05024974336617
 -6.866481162895282
 -19.67659245356883
 -4.340443506842908
 -5.73499717329859
 -3.049979866773351
 2.300187548017256
 -8.914513556610387
 -7.969889825945493
 -0.4594388823958937
 8.255290156604378
 -20.85118830303585
 -4.564303756039558
 -9.910734580438302
 -13.89119982619169
 14.56923169568107
 -11.42551519648923
 -9.628890738580555
 -7.025948779800986
 7.692304002390554
 -23.84994123553154
 -8.353746206297343
 -10.94144409340447
 4.38780421841361
 -5.489862741108265
 -1.790285983723773
 -20.81613255059271
 -11.81112422191107
 -15.08340679114491
 5.301669397298229
 -2.788145668465135
 1.324565839061387
 -18.56334776903633
 -1.245241368606099
 6.084503418197588
 -5.074618032294652
 -12.53109908496528
 4.750846012188553
 -18.14761334834807
 -2.400364372524464
 1.66636277791509
 -2.183486891881921
 -5.046163586669038
 -4.25658712931321
 0.268348833951328
 -5.379643757357793
 -11.02843220205157
 14.16845614814119
 -3.000597260955313
 -8.343179996938506
 -17.0771262005975
 -16.77899057143492
 3.091623250586101
 -9.455279728738164
 11.74947930732795
 -18.12514276655676
 -12.62980124651832
 -15.45134765799739
 3.358255561475553
 0.4035733736879132
 -17.03485140415274
 -12.97204306720225
 -1.499563105086125
 5.742081663757116
 -6.71891724905598
 -6.578163821086941


# name: D
# type: matrix
# rows: 3
# columns: 3
 5 6 12
 2 0 56
 1 9 12


# name: E
# type: matrix
# rows: 3
# columns: 5
 1 3 12 5 6
 4 6 13 2 0
 7 9 14 1 9


# name: F
# type: matrix
# rows: 6
# columns: 3
 1 3 12
 4 6 13
 7 9 14
 5 6 12
 2 0 56
 1 9 12


# name: a
# type: matrix
# rows: 2
# columns: 1
 0
 9


# name: ans
# type: matrix
# rows: 3
# columns: 3
 0.8287717442570077 0.9386004084560624 0.4929701174902354
 0.4206299187019947 0.315504435447617 0.5932600338451191
 0.1867433870224076 0.4619110300944426 0.08487199056087517


# name: bs
# type: matrix
# rows: 1
# columns: 2
 1 1000


# name: c
# type: lazy_index
# name: index_value
# type: matrix
# rows: 10
# columns: 1
 1
 1
 2
 2
 2
 3
 3
 4
 4
 4




# name: i
# type: scalar
6


# name: r
# type: lazy_index
# name: index_value
# type: matrix
# rows: 10
# columns: 1
 1
 3
 2
 3
 4
 2
 4
 1
 2
 3




# name: s
# type: matrix
# rows: 10
# columns: 1
 1
 8
 27
 64
 125
 36
 49
 64
 81
 100


# name: t
# type: matrix
# rows: 1
# columns: 1001
 0 0.001 0.002 0.003 0.004 0.005 0.006 0.007 0.008 0.009000000000000001 0.01 0.011 0.012 0.013 0.014 0.015 0.016 0.017 0.018 0.019 0.02 0.021 0.022 0.023 0.024 0.025 0.026 0.027 0.028 0.029 0.03 0.031 0.032 0.033 0.034 0.035 0.036 0.037 0.038 0.039 0.04 0.041 0.042 0.043 0.044 0.045 0.046 0.047 0.048 0.049 0.05 0.051 0.052 0.053 0.054 0.055 0.056 0.057 0.058 0.059 0.06 0.061 0.062 0.063 0.064 0.065 0.066 0.067 0.068 0.06900000000000001 0.07000000000000001 0.07100000000000001 0.07200000000000001 0.073 0.074 0.075 0.076 0.077 0.078 0.079 0.08 0.081 0.082 0.083 0.08400000000000001 0.08500000000000001 0.08600000000000001 0.08700000000000001 0.08799999999999999 0.089 0.09 0.091 0.092 0.093 0.094 0.095 0.096 0.097 0.098 0.099 0.1 0.101 0.102 0.103 0.104 0.105 0.106 0.107 0.108 0.109 0.11 0.111 0.112 0.113 0.114 0.115 0.116 0.117 0.118 0.119 0.12 0.121 0.122 0.123 0.124 0.125 0.126 0.127 0.128 0.129 0.13 0.131 0.132 0.133 0.134 0.135 0.136 0.137 0.138 0.139 0.14 0.141 0.142 0.143 0.144 0.145 0.146 0.147 0.148 0.149 0.15 0.151 0.152 0.153 0.154 0.155 0.156 0.157 0.158 0.159 0.16 0.161 0.162 0.163 0.164 0.165 0.166 0.167 0.168 0.169 0.17 0.171 0.172 0.173 0.174 0.175 0.176 0.177 0.178 0.179 0.18 0.181 0.182 0.183 0.184 0.185 0.186 0.187 0.188 0.189 0.19 0.191 0.192 0.193 0.194 0.195 0.196 0.197 0.198 0.199 0.2 0.201 0.202 0.203 0.204 0.205 0.206 0.207 0.208 0.209 0.21 0.211 0.212 0.213 0.214 0.215 0.216 0.217 0.218 0.219 0.22 0.221 0.222 0.223 0.224 0.225 0.226 0.227 0.228 0.229 0.23 0.231 0.232 0.233 0.234 0.235 0.236 0.237 0.238 0.239 0.24 0.241 0.242 0.243 0.244 0.245 0.246 0.247 0.248 0.249 0.25 0.251 0.252 0.253 0.254 0.255 0.256 0.257 0.258 0.259 0.26 0.261 0.262 0.263 0.264 0.265 0.266 0.267 0.268 0.269 0.27 0.271 0.272 0.273 0.274 0.275 0.276 0.277 0.278 0.279 0.28 0.281 0.282 0.283 0.284 0.285 0.286 0.287 0.288 0.289 0.29 0.291 0.292 0.293 0.294 0.295 0.296 0.297 0.298 0.299 0.3 0.301 0.302 0.303 0.304 0.305 0.306 0.307 0.308 0.309 0.31 0.311 0.312 0.313 0.314 0.315 0.316 0.317 0.318 0.319 0.32 0.321 0.322 0.323 0.324 0.325 0.326 0.327 0.328 0.329 0.33 0.331 0.332 0.333 0.334 0.335 0.336 0.337 0.338 0.339 0.34 0.341 0.342 0.343 0.344 0.345 0.346 0.347 0.348 0.349 0.35 0.351 0.352 0.353 0.354 0.355 0.356 0.357 0.358 0.359 0.36 0.361 0.362 0.363 0.364 0.365 0.366 0.367 0.368 0.369 0.37 0.371 0.372 0.373 0.374 0.375 0.376 0.377 0.378 0.379 0.38 0.381 0.382 0.383 0.384 0.385 0.386 0.387 0.388 0.389 0.39 0.391 0.392 0.393 0.394 0.395 0.396 0.397 0.398 0.399 0.4 0.401 0.402 0.403 0.404 0.405 0.406 0.407 0.408 0.409 0.41 0.411 0.412 0.413 0.414 0.415 0.416 0.417 0.418 0.419 0.42 0.421 0.422 0.423 0.424 0.425 0.426 0.427 0.428 0.429 0.43 0.431 0.432 0.433 0.434 0.435 0.436 0.437 0.438 0.439 0.44 0.441 0.442 0.443 0.444 0.445 0.446 0.447 0.448 0.449 0.45 0.451 0.452 0.453 0.454 0.455 0.456 0.457 0.458 0.459 0.46 0.461 0.462 0.463 0.464 0.465 0.466 0.467 0.468 0.469 0.47 0.471 0.472 0.473 0.474 0.475 0.476 0.477 0.478 0.479 0.48 0.481 0.482 0.483 0.484 0.485 0.486 0.487 0.488 0.489 0.49 0.491 0.492 0.493 0.494 0.495 0.496 0.497 0.498 0.499 0.5 0.501 0.502 0.503 0.504 0.505 0.506 0.507 0.508 0.509 0.51 0.511 0.512 0.513 0.514 0.515 0.516 0.517 0.518 0.519 0.52 0.521 0.522 0.523 0.524 0.525 0.526 0.527 0.528 0.529 0.53 0.531 0.532 0.533 0.534 0.535 0.536 0.537 0.538 0.539 0.54 0.541 0.542 0.543 0.544 0.545 0.546 0.547 0.548 0.549 0.55 0.551 0.552 0.553 0.554 0.555 0.556 0.5570000000000001 0.5580000000000001 0.5590000000000001 0.5600000000000001 0.5610000000000001 0.5620000000000001 0.5630000000000001 0.5640000000000001 0.5650000000000001 0.5660000000000001 0.5670000000000001 0.5680000000000001 0.5690000000000001 0.5700000000000001 0.5710000000000001 0.5720000000000001 0.5730000000000001 0.5740000000000001 0.5750000000000001 0.5760000000000001 0.577 0.578 0.579 0.58 0.581 0.582 0.583 0.584 0.585 0.586 0.587 0.588 0.589 0.59 0.591 0.592 0.593 0.594 0.595 0.596 0.597 0.598 0.599 0.6 0.601 0.602 0.603 0.604 0.605 0.606 0.607 0.608 0.609 0.61 0.611 0.612 0.613 0.614 0.615 0.616 0.617 0.618 0.619 0.62 0.621 0.622 0.623 0.624 0.625 0.626 0.627 0.628 0.629 0.63 0.631 0.632 0.633 0.634 0.635 0.636 0.637 0.638 0.639 0.64 0.641 0.642 0.643 0.644 0.645 0.646 0.647 0.648 0.649 0.65 0.651 0.652 0.653 0.654 0.655 0.656 0.657 0.658 0.659 0.66 0.661 0.662 0.663 0.664 0.665 0.666 0.667 0.668 0.669 0.67 0.671 0.672 0.673 0.674 0.675 0.676 0.677 0.678 0.679 0.68 0.681 0.6820000000000001 0.6830000000000001 0.6840000000000001 0.6850000000000001 0.6860000000000001 0.6870000000000001 0.6880000000000001 0.6890000000000001 0.6900000000000001 0.6910000000000001 0.6920000000000001 0.6930000000000001 0.6940000000000001 0.6950000000000001 0.6960000000000001 0.6970000000000001 0.6980000000000001 0.6990000000000001 0.7000000000000001 0.7010000000000001 0.7020000000000001 0.7030000000000001 0.704 0.705 0.706 0.707 0.708 0.709 0.71 0.711 0.712 0.713 0.714 0.715 0.716 0.717 0.718 0.719 0.72 0.721 0.722 0.723 0.724 0.725 0.726 0.727 0.728 0.729 0.73 0.731 0.732 0.733 0.734 0.735 0.736 0.737 0.738 0.739 0.74 0.741 0.742 0.743 0.744 0.745 0.746 0.747 0.748 0.749 0.75 0.751 0.752 0.753 0.754 0.755 0.756 0.757 0.758 0.759 0.76 0.761 0.762 0.763 0.764 0.765 0.766 0.767 0.768 0.769 0.77 0.771 0.772 0.773 0.774 0.775 0.776 0.777 0.778 0.779 0.78 0.781 0.782 0.783 0.784 0.785 0.786 0.787 0.788 0.789 0.79 0.791 0.792 0.793 0.794 0.795 0.796 0.797 0.798 0.799 0.8 0.801 0.802 0.803 0.804 0.805 0.806 0.8070000000000001 0.8080000000000001 0.8090000000000001 0.8100000000000001 0.8110000000000001 0.8120000000000001 0.8130000000000001 0.8140000000000001 0.8150000000000001 0.8160000000000001 0.8170000000000001 0.8180000000000001 0.8190000000000001 0.8200000000000001 0.8210000000000001 0.8220000000000001 0.8230000000000001 0.8240000000000001 0.8250000000000001 0.8260000000000001 0.8270000000000001 0.8280000000000001 0.8290000000000001 0.8300000000000001 0.8310000000000001 0.8320000000000001 0.833 0.834 0.835 0.836 0.837 0.838 0.839 0.84 0.841 0.842 0.843 0.844 0.845 0.846 0.847 0.848 0.849 0.85 0.851 0.852 0.853 0.854 0.855 0.856 0.857 0.858 0.859 0.86 0.861 0.862 0.863 0.864 0.865 0.866 0.867 0.868 0.869 0.87 0.871 0.872 0.873 0.874 0.875 0.876 0.877 0.878 0.879 0.88 0.881 0.882 0.883 0.884 0.885 0.886 0.887 0.888 0.889 0.89 0.891 0.892 0.893 0.894 0.895 0.896 0.897 0.898 0.899 0.9 0.901 0.902 0.903 0.904 0.905 0.906 0.907 0.908 0.909 0.91 0.911 0.912 0.913 0.914 0.915 0.916 0.917 0.918 0.919 0.92 0.921 0.922 0.923 0.924 0.925 0.926 0.927 0.928 0.929 0.93 0.931 0.9320000000000001 0.9330000000000001 0.9340000000000001 0.9350000000000001 0.9360000000000001 0.9370000000000001 0.9380000000000001 0.9390000000000001 0.9400000000000001 0.9410000000000001 0.9420000000000001 0.9430000000000001 0.9440000000000001 0.9450000000000001 0.9460000000000001 0.9470000000000001 0.9480000000000001 0.9490000000000001 0.9500000000000001 0.9510000000000001 0.9520000000000001 0.9530000000000001 0.9540000000000001 0.9550000000000001 0.9560000000000001 0.9570000000000001 0.9580000000000001 0.9590000000000001 0.96 0.961 0.962 0.963 0.964 0.965 0.966 0.967 0.968 0.969 0.97 0.971 0.972 0.973 0.974 0.975 0.976 0.977 0.978 0.979 0.98 0.981 0.982 0.983 0.984 0.985 0.986 0.987 0.988 0.989 0.99 0.991 0.992 0.993 0.994 0.995 0.996 0.997 0.998 0.999 1


# name: theta
# type: matrix
# rows: 97
# columns: 2
 6.1101 17.592
 5.5277 9.1302
 8.518599999999999 13.662
 7.0032 11.854
 5.8598 6.8233
 8.382899999999999 11.886
 7.4764 4.3483
 8.578099999999999 12
 6.4862 6.5987
 5.0546 3.8166
 5.7107 3.2522
 14.164 15.505
 5.734 3.1551
 8.4084 7.2258
 5.6407 0.71618
 5.3794 3.5129
 6.3654 5.3048
 5.1301 0.56077
 6.4296 3.6518
 7.0708 5.3893
 6.1891 3.1386
 20.27 21.767
 5.4901 4.263
 6.3261 5.1875
 5.5649 3.0825
 18.945 22.638
 12.828 13.501
 10.957 7.0467
 13.176 14.692
 22.203 24.147
 5.2524 -1.22
 6.5894 5.9966
 9.248200000000001 12.134
 5.8918 1.8495
 8.2111 6.5426
 7.9334 4.5623
 8.0959 4.1164
 5.6063 3.3928
 12.836 10.117
 6.3534 5.4974
 5.4069 0.55657
 6.8825 3.9115
 11.708 5.3854
 5.7737 2.4406
 7.8247 6.7318
 7.0931 1.0463
 5.0702 5.1337
 5.8014 1.844
 11.7 8.004300000000001
 5.5416 1.0179
 7.5402 6.7504
 5.3077 1.8396
 7.4239 4.2885
 7.6031 4.9981
 6.3328 1.4233
 6.3589 -1.4211
 6.2742 2.4756
 5.6397 4.6042
 9.3102 3.9624
 9.4536 5.4141
 8.8254 5.1694
 5.1793 -0.74279
 21.279 17.929
 14.908 12.054
 18.959 17.054
 7.2182 4.8852
 8.2951 5.7442
 10.236 7.7754
 5.4994 1.0173
 20.341 20.992
 10.136 6.6799
 7.3345 4.0259
 6.0062 1.2784
 7.2259 3.3411
 5.0269 -2.6807
 6.5479 0.29678
 7.5386 3.8845
 5.0365 5.7014
 10.274 6.7526
 5.1077 2.0576
 5.7292 0.47953
 5.1884 0.20421
 6.3557 0.67861
 9.768700000000001 7.5435
 6.5159 5.3436
 8.517200000000001 4.2415
 9.180199999999999 6.7981
 6.002 0.9269500000000001
 5.5204 0.152
 5.0594 2.8214
 5.7077 1.8451
 7.6366 4.2959
 5.8707 7.2029
 5.3054 1.9869
 8.2934 0.14454
 13.394 9.055099999999999
 5.4369 0.61705


# name: v
# type: matrix
# rows: 1
# columns: 10
 6.1101 5.5277 8.518599999999999 7.0032 5.8598 8.382899999999999 7.4764 8.578099999999999 6.4862 5.0546


# name: val
# type: matrix
# rows: 1
# columns: 3
 100 10 100


# name: y1
# type: matrix
# rows: 1
# columns: 1001
 0 0.03141075907812829 0.06279051952931337 0.09410831331851433 0.1253332335643043 0.1564344650402309 0.1873813145857246 0.2181432413965425 0.2486898871648548 0.2789911060392293 0.3090169943749474 0.3387379202452914 0.368124552684678 0.3971478906347806 0.4257792915650727 0.4539904997395467 0.4817536741017153 0.5090414157503713 0.5358267949789967 0.5620833778521306 0.5877852522924731 0.6129070536529765 0.6374239897486896 0.6613118653236518 0.6845471059286887 0.7071067811865475 0.7289686274214116 0.7501110696304595 0.7705132427757893 0.7901550123756904 0.8090169943749475 0.8270805742745618 0.8443279255020151 0.8607420270039436 0.8763066800438637 0.8910065241883678 0.9048270524660196 0.917754625683981 0.9297764858882513 0.9408807689542255 0.9510565162951535 0.9602936856769431 0.9685831611286311 0.9759167619387474 0.9822872507286886 0.9876883405951378 0.9921147013144779 0.99556196460308 0.9980267284282716 0.9995065603657316 1 0.9995065603657316 0.9980267284282716 0.99556196460308 0.9921147013144779 0.9876883405951378 0.9822872507286887 0.9759167619387474 0.9685831611286311 0.9602936856769431 0.9510565162951536 0.9408807689542255 0.9297764858882513 0.9177546256839813 0.9048270524660195 0.8910065241883679 0.8763066800438635 0.8607420270039436 0.844327925502015 0.8270805742745617 0.8090169943749475 0.7901550123756903 0.7705132427757893 0.7501110696304597 0.7289686274214118 0.7071067811865476 0.6845471059286888 0.6613118653236518 0.6374239897486899 0.6129070536529764 0.5877852522924732 0.5620833778521305 0.5358267949789967 0.5090414157503711 0.4817536741017152 0.4539904997395469 0.4257792915650725 0.3971478906347806 0.3681245526846781 0.3387379202452918 0.3090169943749475 0.2789911060392296 0.2486898871648548 0.2181432413965428 0.1873813145857246 0.156434465040231 0.1253332335643041 0.09410831331851435 0.06279051952931358 0.03141075907812824 1.224606353822377e-016 -0.03141075907812844 -0.06279051952931335 -0.09410831331851455 -0.1253332335643043 -0.1564344650402307 -0.1873813145857243 -0.2181432413965425 -0.2486898871648546 -0.2789911060392293 -0.3090169943749473 -0.3387379202452915 -0.3681245526846779 -0.3971478906347804 -0.4257792915650727 -0.4539904997395467 -0.4817536741017154 -0.5090414157503712 -0.5358267949789968 -0.5620833778521306 -0.587785252292473 -0.6129070536529763 -0.6374239897486896 -0.6613118653236517 -0.6845471059286887 -0.7071067811865475 -0.7289686274214113 -0.7501110696304595 -0.7705132427757894 -0.7901550123756904 -0.8090169943749473 -0.8270805742745616 -0.8443279255020153 -0.8607420270039438 -0.8763066800438636 -0.8910065241883678 -0.9048270524660198 -0.9177546256839813 -0.9297764858882515 -0.9408807689542255 -0.9510565162951535 -0.9602936856769432 -0.9685831611286312 -0.9759167619387474 -0.9822872507286887 -0.9876883405951377 -0.9921147013144778 -0.99556196460308 -0.9980267284282716 -0.9995065603657316 -1 -0.9995065603657316 -0.9980267284282716 -0.9955619646030801 -0.9921147013144779 -0.9876883405951378 -0.9822872507286887 -0.9759167619387475 -0.9685831611286311 -0.9602936856769431 -0.9510565162951536 -0.9408807689542256 -0.9297764858882512 -0.917754625683981 -0.9048270524660196 -0.8910065241883679 -0.8763066800438634 -0.8607420270039434 -0.844327925502015 -0.8270805742745618 -0.8090169943749476 -0.7901550123756901 -0.770513242775789 -0.7501110696304595 -0.7289686274214116 -0.707106781186547 -0.6845471059286889 -0.6613118653236523 -0.6374239897486903 -0.6129070536529765 -0.5877852522924734 -0.5620833778521309 -0.5358267949789971 -0.509041415750372 -0.4817536741017153 -0.453990499739547 -0.425779291565073 -0.3971478906347812 -0.3681245526846779 -0.3387379202452914 -0.3090169943749476 -0.2789911060392297 -0.2486898871648545 -0.2181432413965424 -0.1873813145857247 -0.1564344650402311 -0.1253332335643046 -0.09410831331851403 -0.06279051952931326 -0.03141075907812836 -2.449212707644755e-016 0.03141075907812876 0.06279051952931367 0.09410831331851442 0.1253332335643042 0.1564344650402315 0.1873813145857251 0.2181432413965428 0.2486898871648549 0.2789911060392283 0.3090169943749472 0.338737920245291 0.3681245526846774 0.3971478906347799 0.4257792915650725 0.4539904997395466 0.4817536741017149 0.5090414157503708 0.5358267949789967 0.5620833778521305 0.5877852522924729 0.6129070536529762 0.6374239897486899 0.6613118653236519 0.6845471059286886 0.7071067811865474 0.7289686274214112 0.7501110696304597 0.7705132427757893 0.7901550123756903 0.8090169943749472 0.8270805742745621 0.8443279255020152 0.8607420270039436 0.8763066800438636 0.8910065241883681 0.9048270524660197 0.9177546256839813 0.9297764858882515 0.9408807689542255 0.9510565162951535 0.960293685676943 0.968583161128631 0.9759167619387472 0.9822872507286886 0.9876883405951377 0.9921147013144778 0.99556196460308 0.9980267284282716 0.9995065603657316 1 0.9995065603657316 0.9980267284282716 0.99556196460308 0.9921147013144779 0.9876883405951377 0.9822872507286886 0.9759167619387473 0.9685831611286311 0.9602936856769431 0.9510565162951536 0.9408807689542257 0.9297764858882517 0.9177546256839808 0.9048270524660192 0.8910065241883676 0.8763066800438634 0.8607420270039435 0.8443279255020151 0.8270805742745619 0.8090169943749477 0.7901550123756906 0.7705132427757886 0.7501110696304589 0.728968627421411 0.7071067811865471 0.6845471059286884 0.6613118653236517 0.6374239897486897 0.6129070536529766 0.5877852522924734 0.5620833778521296 0.5358267949789957 0.5090414157503705 0.4817536741017147 0.4539904997395463 0.4257792915650723 0.3971478906347805 0.368124552684678 0.3387379202452915 0.3090169943749478 0.2789911060392298 0.2486898871648555 0.2181432413965434 0.1873813145857257 0.1564344650402321 0.1253332335643057 0.09410831331851592 0.06279051952931339 0.03141075907812848 3.673819061467132e-016 -0.03141075907812775 -0.06279051952931265 -0.09410831331851342 -0.1253332335643032 -0.1564344650402296 -0.1873813145857232 -0.2181432413965427 -0.2486898871648548 -0.2789911060392291 -0.3090169943749471 -0.3387379202452909 -0.3681245526846773 -0.3971478906347798 -0.4257792915650717 -0.4539904997395472 -0.4817536741017155 -0.5090414157503714 -0.5358267949789965 -0.5620833778521305 -0.5877852522924728 -0.612907053652976 -0.6374239897486891 -0.6613118653236512 -0.6845471059286892 -0.7071067811865479 -0.7289686274214118 -0.7501110696304596 -0.7705132427757893 -0.7901550123756902 -0.8090169943749472 -0.8270805742745615 -0.8443279255020156 -0.8607420270039441 -0.8763066800438639 -0.8910065241883681 -0.9048270524660197 -0.9177546256839811 -0.9297764858882513 -0.9408807689542253 -0.9510565162951534 -0.9602936856769434 -0.9685831611286314 -0.9759167619387475 -0.9822872507286888 -0.9876883405951378 -0.9921147013144779 -0.99556196460308 -0.9980267284282716 -0.9995065603657316 -1 -0.9995065603657315 -0.9980267284282716 -0.9955619646030801 -0.992114701314478 -0.9876883405951379 -0.9822872507286889 -0.9759167619387478 -0.9685831611286312 -0.9602936856769432 -0.9510565162951538 -0.9408807689542257 -0.9297764858882517 -0.9177546256839816 -0.90482705246602 -0.8910065241883685 -0.8763066800438644 -0.8607420270039436 -0.8443279255020151 -0.8270805742745619 -0.8090169943749477 -0.7901550123756907 -0.7705132427757897 -0.7501110696304601 -0.7289686274214123 -0.7071067811865485 -0.6845471059286885 -0.6613118653236518 -0.6374239897486897 -0.6129070536529767 -0.5877852522924735 -0.5620833778521311 -0.5358267949789973 -0.5090414157503722 -0.4817536741017148 -0.4539904997395464 -0.4257792915650724 -0.3971478906347806 -0.3681245526846781 -0.3387379202452916 -0.3090169943749479 -0.2789911060392299 -0.2486898871648556 -0.2181432413965418 -0.187381314585724 -0.1564344650402305 -0.125333233564304 -0.09410831331851427 -0.06279051952931351 -0.0314107590781286 -4.898425415289509e-016 0.0314107590781294 0.0627905195293143 0.09410831331851506 0.1253332335643048 0.1564344650402313 0.1873813145857249 0.2181432413965426 0.2486898871648547 0.2789911060392289 0.3090169943749486 0.3387379202452924 0.3681245526846788 0.3971478906347813 0.4257792915650732 0.4539904997395471 0.4817536741017154 0.5090414157503698 0.535826794978995 0.5620833778521304 0.5877852522924727 0.6129070536529759 0.6374239897486891 0.661311865323651 0.6845471059286877 0.7071067811865466 0.7289686274214104 0.7501110696304596 0.7705132427757891 0.7901550123756902 0.8090169943749471 0.8270805742745614 0.8443279255020146 0.8607420270039431 0.876306680043863 0.8910065241883672 0.9048270524660196 0.9177546256839811 0.9297764858882513 0.9408807689542253 0.9510565162951534 0.9602936856769428 0.9685831611286309 0.9759167619387472 0.9822872507286888 0.9876883405951378 0.9921147013144779 0.99556196460308 0.9980267284282716 0.9995065603657316 1 0.9995065603657316 0.9980267284282717 0.99556196460308 0.9921147013144778 0.9876883405951377 0.9822872507286886 0.9759167619387474 0.9685831611286312 0.9602936856769432 0.9510565162951538 0.9408807689542257 0.9297764858882511 0.9177546256839809 0.9048270524660194 0.8910065241883677 0.8763066800438635 0.8607420270039436 0.8443279255020152 0.8270805742745621 0.8090169943749467 0.7901550123756897 0.7705132427757887 0.7501110696304591 0.7289686274214112 0.7071067811865474 0.6845471059286886 0.6613118653236519 0.6374239897486899 0.6129070536529754 0.5877852522924736 0.5620833778521312 0.5358267949789974 0.5090414157503723 0.4817536741017164 0.4539904997395481 0.4257792915650742 0.3971478906347823 0.3681245526846782 0.3387379202452918 0.309016994374948 0.27899110603923 0.2486898871648557 0.2181432413965437 0.1873813145857259 0.1564344650402323 0.1253332335643041 0.09410831331851439 0.06279051952931362 0.03141075907812873 6.123031769111886e-016 -0.0314107590781275 -0.0627905195293124 -0.09410831331851317 -0.1253332335643029 -0.1564344650402311 -0.1873813145857247 -0.2181432413965425 -0.2486898871648545 -0.2789911060392288 -0.3090169943749485 -0.3387379202452906 -0.3681245526846787 -0.3971478906347796 -0.425779291565073 -0.4539904997395454 -0.4817536741017153 -0.5090414157503697 -0.5358267949789964 -0.5620833778521317 -0.5877852522924726 -0.6129070536529773 -0.637423989748689 -0.6613118653236524 -0.6845471059286877 -0.7071067811865477 -0.7289686274214128 -0.7501110696304595 -0.7705132427757901 -0.7901550123756901 -0.8090169943749481 -0.8270805742745614 -0.8443279255020155 -0.8607420270039431 -0.8763066800438638 -0.8910065241883688 -0.9048270524660196 -0.9177546256839818 -0.9297764858882513 -0.9408807689542259 -0.9510565162951534 -0.9602936856769433 -0.9685831611286309 -0.9759167619387475 -0.9822872507286891 -0.9876883405951378 -0.9921147013144781 -0.99556196460308 -0.9980267284282717 -0.9995065603657315 -1 -0.9995065603657316 -0.9980267284282716 -0.9955619646030798 -0.9921147013144778 -0.9876883405951374 -0.9822872507286887 -0.975916761938747 -0.9685831611286312 -0.9602936856769427 -0.9510565162951538 -0.9408807689542251 -0.9297764858882505 -0.9177546256839809 -0.9048270524660186 -0.8910065241883678 -0.8763066800438627 -0.8607420270039438 -0.8443279255020143 -0.8270805742745622 -0.8090169943749468 -0.7901550123756887 -0.7705132427757888 -0.750111069630458 -0.7289686274214112 -0.7071067811865461 -0.6845471059286886 -0.6613118653236534 -0.63742398974869 -0.6129070536529783 -0.5877852522924737 -0.5620833778521328 -0.5358267949789975 -0.5090414157503739 -0.4817536741017165 -0.4539904997395498 -0.4257792915650743 -0.3971478906347808 -0.36812455268468 -0.3387379202452919 -0.3090169943749498 -0.2789911060392301 -0.2486898871648575 -0.2181432413965438 -0.1873813145857278 -0.1564344650402325 -0.1253332335643043 -0.09410831331851628 -0.06279051952931375 -0.03141075907813062 -7.347638122934264e-016 0.03141075907812561 0.06279051952931229 0.09410831331851129 0.1253332335643028 0.156434465040231 0.1873813145857229 0.2181432413965423 0.2486898871648527 0.2789911060392287 0.309016994374945 0.3387379202452905 0.3681245526846753 0.3971478906347795 0.4257792915650729 0.4539904997395453 0.4817536741017152 0.5090414157503695 0.5358267949789963 0.5620833778521287 0.5877852522924725 0.6129070536529772 0.6374239897486889 0.6613118653236523 0.6845471059286876 0.7071067811865476 0.7289686274214102 0.7501110696304594 0.7705132427757878 0.79015501237569 0.809016994374948 0.8270805742745613 0.8443279255020154 0.860742027003943 0.8763066800438637 0.8910065241883671 0.9048270524660195 0.9177546256839804 0.9297764858882512 0.9408807689542259 0.9510565162951533 0.9602936856769433 0.9685831611286309 0.9759167619387475 0.9822872507286884 0.9876883405951378 0.9921147013144775 0.99556196460308 0.9980267284282717 0.9995065603657315 1 0.9995065603657316 0.9980267284282716 0.9955619646030801 0.9921147013144778 0.987688340595138 0.9822872507286887 0.9759167619387471 0.9685831611286312 0.9602936856769427 0.9510565162951539 0.9408807689542252 0.9297764858882518 0.9177546256839809 0.9048270524660187 0.8910065241883678 0.8763066800438628 0.8607420270039438 0.8443279255020144 0.8270805742745622 0.8090169943749469 0.790155012375691 0.7705132427757888 0.750111069630458 0.7289686274214113 0.7071067811865462 0.6845471059286887 0.6613118653236507 0.6374239897486901 0.6129070536529756 0.5877852522924738 0.5620833778521299 0.5358267949789947 0.509041415750371 0.4817536741017135 0.4539904997395467 0.4257792915650712 0.3971478906347809 0.3681245526846768 0.338737920245292 0.3090169943749466 0.2789911060392268 0.2486898871648542 0.2181432413965404 0.1873813145857244 0.1564344650402291 0.1253332335643044 0.09410831331851287 0.06279051952931387 0.0314107590781272 -2.695489231124837e-015 -0.03141075907812903 -0.06279051952931571 -0.0941083133185147 -0.1253332335643027 -0.1564344650402274 -0.1873813145857227 -0.2181432413965422 -0.2486898871648526 -0.2789911060392286 -0.3090169943749449 -0.3387379202452904 -0.3681245526846751 -0.3971478906347793 -0.4257792915650696 -0.4539904997395452 -0.4817536741017152 -0.5090414157503694 -0.5358267949789962 -0.5620833778521286 -0.5877852522924725 -0.6129070536529743 -0.6374239897486887 -0.6613118653236495 -0.6845471059286875 -0.7071067811865476 -0.7289686274214102 -0.7501110696304593 -0.7705132427757878 -0.79015501237569 -0.8090169943749459 -0.8270805742745613 -0.8443279255020134 -0.8607420270039429 -0.8763066800438637 -0.891006524188367 -0.9048270524660195 -0.9177546256839803 -0.9297764858882512 -0.9408807689542247 -0.9510565162951533 -0.9602936856769423 -0.9685831611286309 -0.9759167619387474 -0.9822872507286884 -0.9876883405951378 -0.9921147013144775 -0.99556196460308 -0.9980267284282714 -0.9995065603657315 -1 -0.9995065603657316 -0.9980267284282716 -0.9955619646030801 -0.9921147013144778 -0.987688340595138 -0.9822872507286887 -0.9759167619387479 -0.9685831611286313 -0.9602936856769427 -0.9510565162951539 -0.9408807689542252 -0.9297764858882519 -0.917754625683981 -0.9048270524660202 -0.8910065241883679 -0.8763066800438646 -0.8607420270039439 -0.8443279255020144 -0.8270805742745623 -0.8090169943749469 -0.7901550123756911 -0.7705132427757889 -0.7501110696304605 -0.7289686274214114 -0.7071067811865488 -0.6845471059286888 -0.6613118653236508 -0.6374239897486902 -0.6129070536529757 -0.5877852522924739 -0.56208337785213 -0.5358267949789978 -0.5090414157503711 -0.4817536741017168 -0.4539904997395469 -0.4257792915650713 -0.397147890634781 -0.3681245526846769 -0.3387379202452921 -0.3090169943749467 -0.2789911060392303 -0.2486898871648544 -0.218143241396544 -0.1873813145857245 -0.1564344650402292 -0.1253332335643045 -0.09410831331851299 -0.062790519529314 -0.03141075907812732 -9.796850830579018e-016 0.03141075907812891 0.06279051952931558 0.09410831331851457 0.1253332335643061 0.1564344650402308 0.1873813145857261 0.2181432413965421 0.2486898871648559 0.2789911060392285 0.3090169943749482 0.3387379202452936 0.3681245526846784 0.3971478906347825 0.4257792915650727 0.4539904997395483 0.481753674101715 0.5090414157503724 0.5358267949789961 0.5620833778521314 0.5877852522924751 0.6129070536529769 0.6374239897486914 0.661311865323652 0.6845471059286901 0.7071067811865475 0.7289686274214126 0.7501110696304593 0.7705132427757899 0.7901550123756921 0.8090169943749479 0.8270805742745632 0.8443279255020153 0.8607420270039429 0.8763066800438619 0.891006524188367 0.9048270524660179 0.9177546256839803 0.9297764858882511 0.9408807689542246 0.9510565162951533 0.9602936856769423 0.9685831611286307 0.9759167619387467 0.9822872507286884 0.9876883405951377 0.9921147013144775 0.99556196460308 0.9980267284282714 0.9995065603657315 1 0.9995065603657316 0.9980267284282718 0.9955619646030801 0.9921147013144779 0.987688340595138 0.9822872507286887 0.9759167619387479 0.9685831611286313 0.9602936856769438 0.9510565162951539 0.9408807689542265 0.9297764858882519 0.917754625683981 0.9048270524660202 0.8910065241883679 0.8763066800438646 0.8607420270039439 0.8443279255020164 0.8270805742745623 0.8090169943749491 0.7901550123756911 0.770513242775789 0.7501110696304606 0.7289686274214116 0.7071067811865489 0.6845471059286889 0.6613118653236536 0.6374239897486903 0.6129070536529786 0.587785252292474 0.5620833778521301 0.5358267949789979 0.5090414157503712 0.4817536741017168 0.453990499739547 0.4257792915650746 0.3971478906347811 0.368124552684677 0.3387379202452923 0.3090169943749468 0.2789911060392305 0.2486898871648545 0.2181432413965441 0.1873813145857247 0.1564344650402328 0.1253332335643046 0.09410831331851312 0.06279051952931412 0.03141075907812744 1.10214571844014e-015 -0.03141075907812879 -0.06279051952931192 -0.09410831331851445 -0.1253332335643025 -0.1564344650402306 -0.187381314585726 -0.218143241396542 -0.2486898871648558 -0.2789911060392283 -0.3090169943749481 -0.3387379202452901 -0.3681245526846783 -0.3971478906347791 -0.4257792915650726 -0.4539904997395482 -0.4817536741017149 -0.5090414157503723 -0.535826794978996 -0.5620833778521312 -0.5877852522924722 -0.6129070536529768 -0.6374239897486885 -0.6613118653236519 -0.6845471059286899 -0.7071067811865474 -0.7289686274214124 -0.7501110696304591 -0.7705132427757899 -0.7901550123756897 -0.8090169943749478 -0.8270805742745611 -0.8443279255020152 -0.8607420270039446 -0.8763066800438636 -0.8910065241883686 -0.9048270524660194 -0.9177546256839816 -0.9297764858882511 -0.9408807689542258 -0.9510565162951543 -0.9602936856769432 -0.9685831611286316 -0.9759167619387474 -0.9822872507286889 -0.9876883405951377 -0.992114701314478 -0.99556196460308 -0.9980267284282717 -0.9995065603657316 -1 -0.9995065603657315 -0.9980267284282716 -0.9955619646030799 -0.9921147013144779 -0.9876883405951374 -0.9822872507286887 -0.9759167619387471 -0.9685831611286304 -0.9602936856769428 -0.951056516295154 -0.9408807689542266 -0.929776485888252 -0.9177546256839825 -0.9048270524660204 -0.8910065241883696 -0.8763066800438647 -0.860742027003944 -0.8443279255020165 -0.8270805742745624 -0.8090169943749491 -0.7901550123756912 -0.7705132427757914 -0.7501110696304607 -0.728968627421414 -0.707106781186549 -0.6845471059286891 -0.6613118653236537 -0.6374239897486904 -0.6129070536529787 -0.5877852522924741 -0.5620833778521332 -0.535826794978998 -0.5090414157503713 -0.4817536741017169 -0.4539904997395471 -0.4257792915650747 -0.3971478906347812 -0.3681245526846804 -0.3387379202452924 -0.3090169943749503 -0.2789911060392306 -0.2486898871648546 -0.2181432413965443 -0.1873813145857248 -0.156434465040233 -0.1253332335643048 -0.09410831331851677 -0.06279051952931425 -0.03141075907813112 -1.224606353822377e-015


# name: y2
# type: matrix
# rows: 1
# columns: 1001
 1 0.9995065603657316 0.9980267284282716 0.99556196460308 0.9921147013144779 0.9876883405951378 0.9822872507286887 0.9759167619387474 0.9685831611286311 0.9602936856769431 0.9510565162951535 0.9408807689542255 0.9297764858882513 0.9177546256839811 0.9048270524660196 0.8910065241883679 0.8763066800438636 0.8607420270039436 0.8443279255020151 0.8270805742745618 0.8090169943749475 0.7901550123756903 0.7705132427757893 0.7501110696304596 0.7289686274214116 0.7071067811865476 0.6845471059286886 0.6613118653236519 0.6374239897486897 0.6129070536529765 0.5877852522924731 0.5620833778521306 0.5358267949789965 0.5090414157503712 0.4817536741017152 0.4539904997395468 0.4257792915650727 0.3971478906347808 0.3681245526846781 0.3387379202452915 0.3090169943749475 0.2789911060392293 0.2486898871648547 0.2181432413965425 0.1873813145857247 0.1564344650402309 0.1253332335643043 0.09410831331851428 0.0627905195293133 0.0314107590781284 6.123031769111886e-017 -0.03141075907812828 -0.0627905195293134 -0.09410831331851417 -0.1253332335643041 -0.1564344650402308 -0.1873813145857246 -0.2181432413965426 -0.2486898871648549 -0.2789911060392293 -0.3090169943749473 -0.3387379202452914 -0.368124552684678 -0.3971478906347805 -0.4257792915650727 -0.4539904997395467 -0.4817536741017154 -0.5090414157503713 -0.5358267949789969 -0.5620833778521307 -0.587785252292473 -0.6129070536529766 -0.6374239897486897 -0.6613118653236517 -0.6845471059286884 -0.7071067811865475 -0.7289686274214113 -0.7501110696304596 -0.7705132427757891 -0.7901550123756904 -0.8090169943749473 -0.8270805742745619 -0.8443279255020151 -0.8607420270039438 -0.8763066800438636 -0.8910065241883678 -0.9048270524660196 -0.9177546256839811 -0.9297764858882513 -0.9408807689542253 -0.9510565162951535 -0.960293685676943 -0.9685831611286311 -0.9759167619387473 -0.9822872507286887 -0.9876883405951377 -0.9921147013144779 -0.99556196460308 -0.9980267284282716 -0.9995065603657316 -1 -0.9995065603657316 -0.9980267284282716 -0.99556196460308 -0.9921147013144779 -0.9876883405951378 -0.9822872507286887 -0.9759167619387474 -0.9685831611286312 -0.9602936856769431 -0.9510565162951536 -0.9408807689542255 -0.9297764858882515 -0.9177546256839813 -0.9048270524660195 -0.8910065241883679 -0.8763066800438635 -0.8607420270039436 -0.844327925502015 -0.8270805742745618 -0.8090169943749476 -0.7901550123756905 -0.7705132427757893 -0.7501110696304597 -0.7289686274214116 -0.7071067811865477 -0.6845471059286889 -0.6613118653236519 -0.6374239897486895 -0.6129070536529765 -0.5877852522924732 -0.5620833778521309 -0.5358267949789963 -0.5090414157503711 -0.4817536741017153 -0.4539904997395469 -0.4257792915650722 -0.3971478906347803 -0.3681245526846778 -0.3387379202452914 -0.3090169943749476 -0.2789911060392287 -0.2486898871648544 -0.2181432413965424 -0.1873813145857246 -0.156434465040231 -0.1253332335643046 -0.09410831331851485 -0.0627905195293141 -0.0314107590781283 -1.836909530733566e-016 0.03141075907812793 0.06279051952931283 0.0941083133185136 0.1253332335643042 0.1564344650402307 0.1873813145857243 0.218143241396542 0.2486898871648549 0.2789911060392292 0.3090169943749472 0.338737920245291 0.3681245526846783 0.3971478906347807 0.4257792915650726 0.4539904997395466 0.4817536741017157 0.5090414157503715 0.5358267949789968 0.5620833778521306 0.5877852522924729 0.6129070536529769 0.63742398974869 0.6613118653236519 0.6845471059286886 0.707106781186548 0.7289686274214112 0.7501110696304591 0.7705132427757887 0.7901550123756903 0.8090169943749473 0.8270805742745616 0.8443279255020147 0.8607420270039432 0.8763066800438636 0.8910065241883678 0.9048270524660194 0.9177546256839809 0.9297764858882515 0.9408807689542255 0.9510565162951535 0.960293685676943 0.9685831611286312 0.9759167619387474 0.9822872507286887 0.9876883405951377 0.9921147013144778 0.99556196460308 0.9980267284282716 0.9995065603657316 1 0.9995065603657315 0.9980267284282716 0.99556196460308 0.9921147013144779 0.9876883405951377 0.9822872507286886 0.9759167619387473 0.9685831611286311 0.9602936856769433 0.9510565162951536 0.9408807689542256 0.9297764858882517 0.9177546256839815 0.9048270524660196 0.891006524188368 0.8763066800438638 0.860742027003944 0.8443279255020151 0.8270805742745618 0.8090169943749476 0.7901550123756906 0.770513242775789 0.7501110696304595 0.7289686274214116 0.7071067811865477 0.6845471059286891 0.6613118653236517 0.6374239897486896 0.6129070536529766 0.5877852522924734 0.5620833778521303 0.5358267949789964 0.5090414157503712 0.4817536741017154 0.4539904997395462 0.4257792915650723 0.3971478906347804 0.3681245526846779 0.3387379202452915 0.3090169943749477 0.2789911060392297 0.2486898871648554 0.2181432413965434 0.1873813145857247 0.1564344650402312 0.1253332335643047 0.09410831331851498 0.06279051952931332 0.03141075907812842 3.061515884555943e-016 -0.03141075907812781 -0.06279051952931271 -0.09410831331851437 -0.1253332335643041 -0.1564344650402314 -0.187381314585725 -0.2181432413965428 -0.2486898871648548 -0.2789911060392291 -0.3090169943749471 -0.3387379202452909 -0.3681245526846773 -0.3971478906347815 -0.4257792915650733 -0.4539904997395473 -0.4817536741017156 -0.5090414157503714 -0.5358267949789967 -0.5620833778521305 -0.5877852522924729 -0.612907053652976 -0.6374239897486905 -0.6613118653236526 -0.6845471059286892 -0.7071067811865479 -0.7289686274214118 -0.7501110696304597 -0.7705132427757893 -0.7901550123756903 -0.8090169943749472 -0.8270805742745625 -0.8443279255020156 -0.8607420270039441 -0.8763066800438639 -0.8910065241883681 -0.9048270524660197 -0.9177546256839813 -0.9297764858882515 -0.9408807689542255 -0.9510565162951534 -0.960293685676943 -0.968583161128631 -0.9759167619387472 -0.9822872507286885 -0.9876883405951375 -0.9921147013144777 -0.9955619646030799 -0.9980267284282716 -0.9995065603657316 -1 -0.9995065603657316 -0.9980267284282716 -0.9955619646030801 -0.992114701314478 -0.9876883405951379 -0.9822872507286889 -0.9759167619387473 -0.9685831611286311 -0.9602936856769432 -0.9510565162951536 -0.9408807689542257 -0.9297764858882517 -0.9177546256839815 -0.90482705246602 -0.8910065241883677 -0.8763066800438635 -0.8607420270039435 -0.8443279255020151 -0.8270805742745619 -0.8090169943749477 -0.7901550123756907 -0.7705132427757897 -0.7501110696304601 -0.7289686274214111 -0.7071067811865471 -0.6845471059286884 -0.6613118653236518 -0.6374239897486897 -0.6129070536529767 -0.5877852522924735 -0.562083377852131 -0.5358267949789958 -0.5090414157503705 -0.4817536741017147 -0.4539904997395464 -0.4257792915650724 -0.3971478906347805 -0.368124552684678 -0.3387379202452916 -0.3090169943749478 -0.2789911060392281 -0.2486898871648538 -0.2181432413965418 -0.187381314585724 -0.1564344650402304 -0.125333233564304 -0.09410831331851421 -0.06279051952931344 -0.03141075907812854 1.347744615562418e-015 0.03141075907812946 0.0627905195293126 0.09410831331851335 0.1253332335643031 0.1564344650402296 0.1873813145857232 0.2181432413965409 0.2486898871648547 0.278991106039229 0.309016994374947 0.3387379202452908 0.3681245526846772 0.3971478906347797 0.4257792915650716 0.4539904997395456 0.4817536741017139 0.5090414157503713 0.5358267949789965 0.5620833778521304 0.5877852522924728 0.612907053652976 0.6374239897486891 0.6613118653236512 0.6845471059286878 0.7071067811865466 0.7289686274214117 0.7501110696304596 0.7705132427757891 0.7901550123756902 0.8090169943749471 0.8270805742745615 0.8443279255020146 0.8607420270039431 0.8763066800438639 0.891006524188368 0.9048270524660196 0.9177546256839811 0.9297764858882513 0.9408807689542253 0.9510565162951534 0.9602936856769428 0.968583161128631 0.9759167619387475 0.9822872507286888 0.9876883405951378 0.9921147013144779 0.99556196460308 0.9980267284282716 0.9995065603657316 1 0.9995065603657315 0.9980267284282716 0.99556196460308 0.9921147013144778 0.9876883405951377 0.9822872507286886 0.9759167619387474 0.9685831611286312 0.9602936856769432 0.9510565162951532 0.9408807689542251 0.929776485888251 0.9177546256839808 0.9048270524660192 0.8910065241883677 0.8763066800438635 0.8607420270039445 0.8443279255020161 0.8270805742745621 0.8090169943749477 0.7901550123756907 0.7705132427757898 0.7501110696304603 0.7289686274214123 0.7071067811865486 0.6845471059286898 0.6613118653236518 0.6374239897486899 0.6129070536529768 0.5877852522924736 0.5620833778521311 0.5358267949789973 0.5090414157503722 0.4817536741017164 0.4539904997395481 0.4257792915650725 0.3971478906347806 0.3681245526846781 0.3387379202452917 0.309016994374948 0.2789911060392299 0.2486898871648557 0.2181432413965436 0.1873813145857241 0.1564344650402305 0.1253332335643041 0.09410831331851434 0.06279051952931357 0.03141075907812867 5.510728592200698e-016 -0.03141075907812756 -0.06279051952931247 -0.09410831331851501 -0.1253332335643048 -0.1564344650402312 -0.1873813145857248 -0.2181432413965425 -0.2486898871648546 -0.2789911060392289 -0.3090169943749469 -0.3387379202452907 -0.3681245526846788 -0.3971478906347812 -0.4257792915650731 -0.4539904997395471 -0.4817536741017154 -0.5090414157503713 -0.5358267949789964 -0.5620833778521303 -0.5877852522924741 -0.6129070536529773 -0.6374239897486904 -0.6613118653236524 -0.6845471059286891 -0.7071067811865478 -0.7289686274214117 -0.7501110696304595 -0.770513242775789 -0.7901550123756912 -0.8090169943749471 -0.8270805742745614 -0.8443279255020145 -0.8607420270039431 -0.8763066800438629 -0.8910065241883672 -0.9048270524660188 -0.9177546256839804 -0.9297764858882513 -0.9408807689542253 -0.9510565162951534 -0.9602936856769428 -0.9685831611286309 -0.9759167619387471 -0.9822872507286884 -0.9876883405951374 -0.9921147013144779 -0.99556196460308 -0.9980267284282716 -0.9995065603657315 -1 -0.9995065603657316 -0.9980267284282717 -0.9955619646030801 -0.992114701314478 -0.9876883405951377 -0.9822872507286886 -0.9759167619387474 -0.9685831611286312 -0.9602936856769432 -0.9510565162951532 -0.9408807689542258 -0.9297764858882511 -0.9177546256839816 -0.9048270524660194 -0.8910065241883686 -0.8763066800438636 -0.8607420270039446 -0.8443279255020152 -0.8270805742745611 -0.8090169943749478 -0.7901550123756897 -0.7705132427757899 -0.7501110696304591 -0.7289686274214124 -0.7071067811865474 -0.6845471059286873 -0.6613118653236519 -0.6374239897486885 -0.6129070536529768 -0.5877852522924722 -0.5620833778521312 -0.535826794978996 -0.5090414157503723 -0.4817536741017149 -0.453990499739545 -0.4257792915650726 -0.3971478906347791 -0.3681245526846783 -0.3387379202452901 -0.3090169943749481 -0.2789911060392283 -0.2486898871648558 -0.218143241396542 -0.1873813145857225 -0.1564344650402306 -0.1253332335643025 -0.09410831331851445 -0.06279051952931192 -0.03141075907812879 1.102823344797943e-015 0.03141075907812744 0.06279051952931412 0.09410831331851666 0.1253332335643046 0.1564344650402328 0.1873813145857247 0.2181432413965441 0.2486898871648545 0.2789911060392305 0.3090169943749468 0.3387379202452923 0.3681245526846803 0.3971478906347811 0.4257792915650746 0.453990499739547 0.4817536741017168 0.5090414157503712 0.5358267949789979 0.5620833778521301 0.587785252292474 0.6129070536529786 0.6374239897486903 0.6613118653236536 0.6845471059286889 0.7071067811865489 0.7289686274214116 0.7501110696304583 0.770513242775789 0.790155012375689 0.809016994374947 0.8270805742745603 0.8443279255020145 0.8607420270039421 0.8763066800438629 0.8910065241883663 0.9048270524660188 0.917754625683981 0.9297764858882506 0.9408807689542252 0.9510565162951528 0.9602936856769428 0.9685831611286304 0.9759167619387471 0.9822872507286881 0.9876883405951374 0.9921147013144779 0.9955619646030798 0.9980267284282716 0.9995065603657315 1 0.9995065603657316 0.9980267284282717 0.9955619646030803 0.992114701314478 0.9876883405951377 0.9822872507286891 0.9759167619387474 0.9685831611286316 0.9602936856769432 0.9510565162951543 0.9408807689542258 0.9297764858882525 0.9177546256839817 0.9048270524660194 0.8910065241883686 0.8763066800438636 0.8607420270039446 0.8443279255020153 0.8270805742745632 0.8090169943749479 0.7901550123756899 0.7705132427757899 0.7501110696304593 0.7289686274214126 0.7071067811865475 0.6845471059286901 0.661311865323652 0.6374239897486914 0.6129070536529769 0.5877852522924724 0.5620833778521314 0.5358267949789961 0.5090414157503724 0.481753674101715 0.4539904997395483 0.4257792915650727 0.3971478906347825 0.3681245526846784 0.3387379202452903 0.3090169943749482 0.2789911060392285 0.2486898871648559 0.2181432413965421 0.1873813145857261 0.1564344650402308 0.1253332335643061 0.09410831331851457 0.06279051952931204 0.03141075907812891 -9.803627094157052e-016 -0.03141075907812732 -0.062790519529314 -0.09410831331851299 -0.1253332335643045 -0.1564344650402292 -0.1873813145857245 -0.218143241396544 -0.2486898871648544 -0.2789911060392303 -0.3090169943749467 -0.3387379202452921 -0.3681245526846769 -0.397147890634781 -0.4257792915650745 -0.4539904997395469 -0.4817536741017168 -0.5090414157503711 -0.5358267949789978 -0.56208337785213 -0.5877852522924739 -0.6129070536529757 -0.6374239897486902 -0.6613118653236535 -0.6845471059286888 -0.7071067811865488 -0.7289686274214114 -0.7501110696304605 -0.7705132427757889 -0.7901550123756911 -0.8090169943749469 -0.8270805742745623 -0.8443279255020163 -0.8607420270039439 -0.8763066800438646 -0.8910065241883679 -0.9048270524660202 -0.917754625683981 -0.9297764858882519 -0.9408807689542252 -0.9510565162951539 -0.9602936856769437 -0.9685831611286313 -0.9759167619387479 -0.9822872507286887 -0.987688340595138 -0.9921147013144778 -0.9955619646030801 -0.9980267284282716 -0.9995065603657316 -1 -0.9995065603657315 -0.9980267284282714 -0.99556196460308 -0.992114701314478 -0.9876883405951383 -0.9822872507286891 -0.9759167619387474 -0.9685831611286317 -0.9602936856769433 -0.9510565162951544 -0.9408807689542258 -0.9297764858882525 -0.9177546256839817 -0.9048270524660209 -0.8910065241883687 -0.8763066800438637 -0.8607420270039448 -0.8443279255020154 -0.8270805742745633 -0.8090169943749479 -0.7901550123756921 -0.77051324277579 -0.7501110696304617 -0.7289686274214127 -0.7071067811865476 -0.6845471059286901 -0.6613118653236522 -0.6374239897486915 -0.612907053652977 -0.5877852522924752 -0.5620833778521315 -0.5358267949789992 -0.5090414157503725 -0.4817536741017151 -0.4539904997395484 -0.4257792915650728 -0.3971478906347826 -0.3681245526846785 -0.3387379202452938 -0.3090169943749483 -0.278991106039232 -0.248689887164856 -0.2181432413965422 -0.1873813145857262 -0.1564344650402309 -0.1253332335643062 -0.0941083133185147 -0.06279051952931571 -0.03141075907812903 -2.694811604767033e-015 0.0314107590781272 0.06279051952931387 0.09410831331851287 0.1253332335643044 0.1564344650402291 0.1873813145857244 0.2181432413965404 0.2486898871648542 0.2789911060392302 0.3090169943749466 0.338737920245292 0.3681245526846768 0.3971478906347809 0.4257792915650712 0.4539904997395467 0.4817536741017135 0.509041415750371 0.5358267949789977 0.5620833778521299 0.5877852522924738 0.6129070536529756 0.6374239897486901 0.6613118653236507 0.6845471059286887 0.7071067811865462 0.7289686274214113 0.7501110696304605 0.7705132427757888 0.790155012375691 0.8090169943749469 0.8270805742745622 0.8443279255020144 0.8607420270039438 0.8763066800438628 0.8910065241883678 0.9048270524660201 0.9177546256839809 0.9297764858882518 0.9408807689542252 0.9510565162951539 0.9602936856769427 0.9685831611286312 0.9759167619387471 0.9822872507286887 0.987688340595138 0.9921147013144778 0.9955619646030801 0.9980267284282716 0.9995065603657316 1 0.9995065603657315 0.9980267284282714 0.99556196460308 0.9921147013144775 0.9876883405951378 0.9822872507286884 0.9759167619387475 0.9685831611286309 0.9602936856769433 0.9510565162951533 0.9408807689542247 0.9297764858882512 0.9177546256839804 0.9048270524660195 0.8910065241883671 0.8763066800438637 0.860742027003943 0.8443279255020154 0.8270805742745613 0.8090169943749459 0.79015501237569 0.7705132427757878 0.7501110696304594 0.7289686274214102 0.7071067811865476 0.6845471059286876 0.6613118653236523 0.6374239897486889 0.6129070536529744 0.5877852522924725 0.5620833778521287 0.5358267949789963 0.5090414157503726 0.4817536741017184 0.4539904997395485 0.4257792915650762 0.3971478906347827 0.3681245526846786 0.3387379202452939 0.3090169943749484 0.2789911060392321 0.2486898871648561 0.2181432413965458 0.1873813145857263 0.156434465040231 0.1253332335643063 0.09410831331851482 0.06279051952931583 0.03141075907812915 2.817272240149271e-015 -0.03141075907812708 -0.06279051952931021 -0.09410831331851274 -0.1253332335643043 -0.156434465040229 -0.1873813145857243 -0.2181432413965403 -0.2486898871648541 -0.2789911060392267 -0.3090169943749464 -0.3387379202452885 -0.3681245526846766 -0.3971478906347808 -0.425779291565071 -0.4539904997395466 -0.4817536741017134 -0.5090414157503709 -0.5358267949789945 -0.5620833778521299 -0.5877852522924708 -0.6129070536529755 -0.63742398974869 -0.6613118653236507 -0.6845471059286886 -0.7071067811865461 -0.7289686274214113 -0.750111069630458 -0.7705132427757888 -0.7901550123756887 -0.8090169943749468 -0.8270805742745622 -0.8443279255020143 -0.8607420270039438 -0.8763066800438627 -0.8910065241883678 -0.9048270524660186 -0.9177546256839809 -0.9297764858882518 -0.9408807689542251 -0.9510565162951538 -0.9602936856769427 -0.9685831611286312 -0.975916761938747 -0.9822872507286887 -0.9876883405951374 -0.9921147013144778 -0.9955619646030801 -0.9980267284282716 -0.9995065603657316 -1 -0.9995065603657315 -0.9980267284282717 -0.99556196460308 -0.9921147013144781 -0.9876883405951378 -0.9822872507286884 -0.9759167619387475 -0.9685831611286309 -0.9602936856769433 -0.9510565162951534 -0.9408807689542259 -0.9297764858882512 -0.9177546256839818 -0.9048270524660196 -0.8910065241883671 -0.8763066800438638 -0.8607420270039431 -0.8443279255020155 -0.8270805742745614 -0.8090169943749481 -0.7901550123756901 -0.7705132427757901 -0.7501110696304595 -0.7289686274214103 -0.7071067811865477 -0.6845471059286877 -0.6613118653236524 -0.637423989748689 -0.6129070536529773 -0.5877852522924726 -0.5620833778521317 -0.5358267949789964 -0.5090414157503697 -0.4817536741017153 -0.4539904997395454 -0.425779291565073 -0.3971478906347796 -0.3681245526846787 -0.3387379202452906 -0.3090169943749451 -0.2789911060392288 -0.2486898871648528 -0.2181432413965425 -0.187381314585723 -0.1564344650402311 -0.1253332335643029 -0.09410831331851494 -0.0627905195293124 -0.03141075907812572 6.129808032689921e-016 0.03141075907813051 0.06279051952931364 0.09410831331851616 0.1253332335643041 0.1564344650402323 0.1873813145857242 0.2181432413965437 0.2486898871648574 0.27899110603923 0.3090169943749463 0.3387379202452884 0.3681245526846765 0.3971478906347774 0.4257792915650709 0.4539904997395434 0.4817536741017133 0.5090414157503708 0.5358267949789944 0.5620833778521298 0.5877852522924707 0.6129070536529754 0.6374239897486872 0.6613118653236506 0.684547105928686 0.707106781186546 0.7289686274214112 0.7501110696304579 0.7705132427757887 0.7901550123756886 0.8090169943749467 0.8270805742745601 0.8443279255020143 0.8607420270039436 0.8763066800438627 0.8910065241883677 0.9048270524660186 0.9177546256839809 0.9297764858882505 0.9408807689542251 0.9510565162951526 0.9602936856769427 0.9685831611286312 0.975916761938747 0.9822872507286886 0.9876883405951374 0.9921147013144778 0.9955619646030798 0.9980267284282716 0.9995065603657315 1


# name: y3
# type: matrix
# rows: 1
# columns: 1001
 0 0.001 0.002 0.003 0.004 0.005 0.006 0.007 0.008 0.009000000000000001 0.01 0.011 0.012 0.013 0.014 0.015 0.016 0.017 0.018 0.019 0.02 0.021 0.022 0.023 0.024 0.025 0.026 0.027 0.028 0.029 0.03 0.031 0.032 0.033 0.034 0.035 0.036 0.037 0.038 0.039 0.04 0.041 0.042 0.043 0.044 0.045 0.046 0.047 0.048 0.049 0.05 0.051 0.052 0.053 0.054 0.055 0.056 0.057 0.058 0.059 0.06 0.061 0.062 0.063 0.064 0.065 0.066 0.067 0.068 0.06900000000000001 0.07000000000000001 0.07100000000000001 0.07200000000000001 0.073 0.074 0.075 0.076 0.077 0.078 0.079 0.08 0.081 0.082 0.083 0.08400000000000001 0.08500000000000001 0.08600000000000001 0.08700000000000001 0.08799999999999999 0.089 0.09 0.091 0.092 0.093 0.094 0.095 0.096 0.097 0.098 0.099 0.1 0.101 0.102 0.103 0.104 0.105 0.106 0.107 0.108 0.109 0.11 0.111 0.112 0.113 0.114 0.115 0.116 0.117 0.118 0.119 0.12 0.121 0.122 0.123 0.124 0.125 0.126 0.127 0.128 0.129 0.13 0.131 0.132 0.133 0.134 0.135 0.136 0.137 0.138 0.139 0.14 0.141 0.142 0.143 0.144 0.145 0.146 0.147 0.148 0.149 0.15 0.151 0.152 0.153 0.154 0.155 0.156 0.157 0.158 0.159 0.16 0.161 0.162 0.163 0.164 0.165 0.166 0.167 0.168 0.169 0.17 0.171 0.172 0.173 0.174 0.175 0.176 0.177 0.178 0.179 0.18 0.181 0.182 0.183 0.184 0.185 0.186 0.187 0.188 0.189 0.19 0.191 0.192 0.193 0.194 0.195 0.196 0.197 0.198 0.199 0.2 0.201 0.202 0.203 0.204 0.205 0.206 0.207 0.208 0.209 0.21 0.211 0.212 0.213 0.214 0.215 0.216 0.217 0.218 0.219 0.22 0.221 0.222 0.223 0.224 0.225 0.226 0.227 0.228 0.229 0.23 0.231 0.232 0.233 0.234 0.235 0.236 0.237 0.238 0.239 0.24 0.241 0.242 0.243 0.244 0.245 0.246 0.247 0.248 0.249 0.25 0.251 0.252 0.253 0.254 0.255 0.256 0.257 0.258 0.259 0.26 0.261 0.262 0.263 0.264 0.265 0.266 0.267 0.268 0.269 0.27 0.271 0.272 0.273 0.274 0.275 0.276 0.277 0.278 0.279 0.28 0.281 0.282 0.283 0.284 0.285 0.286 0.287 0.288 0.289 0.29 0.291 0.292 0.293 0.294 0.295 0.296 0.297 0.298 0.299 0.3 0.301 0.302 0.303 0.304 0.305 0.306 0.307 0.308 0.309 0.31 0.311 0.312 0.313 0.314 0.315 0.316 0.317 0.318 0.319 0.32 0.321 0.322 0.323 0.324 0.325 0.326 0.327 0.328 0.329 0.33 0.331 0.332 0.333 0.334 0.335 0.336 0.337 0.338 0.339 0.34 0.341 0.342 0.343 0.344 0.345 0.346 0.347 0.348 0.349 0.35 0.351 0.352 0.353 0.354 0.355 0.356 0.357 0.358 0.359 0.36 0.361 0.362 0.363 0.364 0.365 0.366 0.367 0.368 0.369 0.37 0.371 0.372 0.373 0.374 0.375 0.376 0.377 0.378 0.379 0.38 0.381 0.382 0.383 0.384 0.385 0.386 0.387 0.388 0.389 0.39 0.391 0.392 0.393 0.394 0.395 0.396 0.397 0.398 0.399 0.4 0.401 0.402 0.403 0.404 0.405 0.406 0.407 0.408 0.409 0.41 0.411 0.412 0.413 0.414 0.415 0.416 0.417 0.418 0.419 0.42 0.421 0.422 0.423 0.424 0.425 0.426 0.427 0.428 0.429 0.43 0.431 0.432 0.433 0.434 0.435 0.436 0.437 0.438 0.439 0.44 0.441 0.442 0.443 0.444 0.445 0.446 0.447 0.448 0.449 0.45 0.451 0.452 0.453 0.454 0.455 0.456 0.457 0.458 0.459 0.46 0.461 0.462 0.463 0.464 0.465 0.466 0.467 0.468 0.469 0.47 0.471 0.472 0.473 0.474 0.475 0.476 0.477 0.478 0.479 0.48 0.481 0.482 0.483 0.484 0.485 0.486 0.487 0.488 0.489 0.49 0.491 0.492 0.493 0.494 0.495 0.496 0.497 0.498 0.499 0.5 0.501 0.502 0.503 0.504 0.505 0.506 0.507 0.508 0.509 0.51 0.511 0.512 0.513 0.514 0.515 0.516 0.517 0.518 0.519 0.52 0.521 0.522 0.523 0.524 0.525 0.526 0.527 0.528 0.529 0.53 0.531 0.532 0.533 0.534 0.535 0.536 0.537 0.538 0.539 0.54 0.541 0.542 0.543 0.544 0.545 0.546 0.547 0.548 0.549 0.55 0.551 0.552 0.553 0.554 0.555 0.556 0.5570000000000001 0.5580000000000001 0.5590000000000001 0.5600000000000001 0.5610000000000001 0.5620000000000001 0.5630000000000001 0.5640000000000001 0.5650000000000001 0.5660000000000001 0.5670000000000001 0.5680000000000001 0.5690000000000001 0.5700000000000001 0.5710000000000001 0.5720000000000001 0.5730000000000001 0.5740000000000001 0.5750000000000001 0.5760000000000001 0.577 0.578 0.579 0.58 0.581 0.582 0.583 0.584 0.585 0.586 0.587 0.588 0.589 0.59 0.591 0.592 0.593 0.594 0.595 0.596 0.597 0.598 0.599 0.6 0.601 0.602 0.603 0.604 0.605 0.606 0.607 0.608 0.609 0.61 0.611 0.612 0.613 0.614 0.615 0.616 0.617 0.618 0.619 0.62 0.621 0.622 0.623 0.624 0.625 0.626 0.627 0.628 0.629 0.63 0.631 0.632 0.633 0.634 0.635 0.636 0.637 0.638 0.639 0.64 0.641 0.642 0.643 0.644 0.645 0.646 0.647 0.648 0.649 0.65 0.651 0.652 0.653 0.654 0.655 0.656 0.657 0.658 0.659 0.66 0.661 0.662 0.663 0.664 0.665 0.666 0.667 0.668 0.669 0.67 0.671 0.672 0.673 0.674 0.675 0.676 0.677 0.678 0.679 0.68 0.681 0.6820000000000001 0.6830000000000001 0.6840000000000001 0.6850000000000001 0.6860000000000001 0.6870000000000001 0.6880000000000001 0.6890000000000001 0.6900000000000001 0.6910000000000001 0.6920000000000001 0.6930000000000001 0.6940000000000001 0.6950000000000001 0.6960000000000001 0.6970000000000001 0.6980000000000001 0.6990000000000001 0.7000000000000001 0.7010000000000001 0.7020000000000001 0.7030000000000001 0.704 0.705 0.706 0.707 0.708 0.709 0.71 0.711 0.712 0.713 0.714 0.715 0.716 0.717 0.718 0.719 0.72 0.721 0.722 0.723 0.724 0.725 0.726 0.727 0.728 0.729 0.73 0.731 0.732 0.733 0.734 0.735 0.736 0.737 0.738 0.739 0.74 0.741 0.742 0.743 0.744 0.745 0.746 0.747 0.748 0.749 0.75 0.751 0.752 0.753 0.754 0.755 0.756 0.757 0.758 0.759 0.76 0.761 0.762 0.763 0.764 0.765 0.766 0.767 0.768 0.769 0.77 0.771 0.772 0.773 0.774 0.775 0.776 0.777 0.778 0.779 0.78 0.781 0.782 0.783 0.784 0.785 0.786 0.787 0.788 0.789 0.79 0.791 0.792 0.793 0.794 0.795 0.796 0.797 0.798 0.799 0.8 0.801 0.802 0.803 0.804 0.805 0.806 0.8070000000000001 0.8080000000000001 0.8090000000000001 0.8100000000000001 0.8110000000000001 0.8120000000000001 0.8130000000000001 0.8140000000000001 0.8150000000000001 0.8160000000000001 0.8170000000000001 0.8180000000000001 0.8190000000000001 0.8200000000000001 0.8210000000000001 0.8220000000000001 0.8230000000000001 0.8240000000000001 0.8250000000000001 0.8260000000000001 0.8270000000000001 0.8280000000000001 0.8290000000000001 0.8300000000000001 0.8310000000000001 0.8320000000000001 0.833 0.834 0.835 0.836 0.837 0.838 0.839 0.84 0.841 0.842 0.843 0.844 0.845 0.846 0.847 0.848 0.849 0.85 0.851 0.852 0.853 0.854 0.855 0.856 0.857 0.858 0.859 0.86 0.861 0.862 0.863 0.864 0.865 0.866 0.867 0.868 0.869 0.87 0.871 0.872 0.873 0.874 0.875 0.876 0.877 0.878 0.879 0.88 0.881 0.882 0.883 0.884 0.885 0.886 0.887 0.888 0.889 0.89 0.891 0.892 0.893 0.894 0.895 0.896 0.897 0.898 0.899 0.9 0.901 0.902 0.903 0.904 0.905 0.906 0.907 0.908 0.909 0.91 0.911 0.912 0.913 0.914 0.915 0.916 0.917 0.918 0.919 0.92 0.921 0.922 0.923 0.924 0.925 0.926 0.927 0.928 0.929 0.93 0.931 0.9320000000000001 0.9330000000000001 0.9340000000000001 0.9350000000000001 0.9360000000000001 0.9370000000000001 0.9380000000000001 0.9390000000000001 0.9400000000000001 0.9410000000000001 0.9420000000000001 0.9430000000000001 0.9440000000000001 0.9450000000000001 0.9460000000000001 0.9470000000000001 0.9480000000000001 0.9490000000000001 0.9500000000000001 0.9510000000000001 0.9520000000000001 0.9530000000000001 0.9540000000000001 0.9550000000000001 0.9560000000000001 0.9570000000000001 0.9580000000000001 0.9590000000000001 0.96 0.961 0.962 0.963 0.964 0.965 0.966 0.967 0.968 0.969 0.97 0.971 0.972 0.973 0.974 0.975 0.976 0.977 0.978 0.979 0.98 0.981 0.982 0.983 0.984 0.985 0.986 0.987 0.988 0.989 0.99 0.991 0.992 0.993 0.994 0.995 0.996 0.997 0.998 0.999 1


